rectified_wavelength throughput
-------------------- ----------
              4610.0          1
   4610.637421231217          1
   4611.274842462433          1
    4611.91226369365          1
   4612.549684924867          1
   4613.187106156083          1
     4613.8245273873          1
  4614.4619486185165          1
   4615.099369849733          1
    4615.73679108095          1
  4616.3742123121665          1
   4617.011633543383          1
     4617.6490547746          1
   4618.286476005816          1
   4618.923897237033          1
    4619.56131846825          1
   4620.198739699466          1
   4620.836160930683          1
   4621.473582161901          1
   4622.111003393117          1
   4622.748424624334          1
  4623.3858458555505          1
   4624.023267086767          1
   4624.660688317984          1
  4625.2981095492005          1
   4625.935530780417          1
   4626.572952011634          1
    4627.21037324285          1
   4627.847794474067          1
   4628.485215705284          1
     4629.1226369365          1
   4629.760058167717          1
   4630.397479398934          1
    4631.03490063015          1
   4631.672321861367          1
   4632.309743092584          1
     4632.9471643238          1
   4633.584585555017          1
   4634.222006786234          1
    4634.85942801745          1
   4635.496849248667          1
  4636.1342704798835          1
     4636.7716917111          1
   4637.409112942317          1
  4638.0465341735335          1
    4638.68395540475          1
   4639.321376635967          1
   4639.958797867183          1
     4640.5962190984          1
   4641.233640329617          1
   4641.871061560833          1
    4642.50848279205          1
   4643.145904023267          1
   4643.783325254483          1
   4644.420746485701          1
  4645.0581677169175          1
   4645.695588948134          1
   4646.333010179351          1
  4646.9704314105675          1
   4647.607852641784          1
   4648.245273873001          1
   4648.882695104217          1
   4649.520116335434          1
   4650.157537566651          1
   4650.794958797867          1
   4651.432380029084          1
   4652.069801260301          1
   4652.707222491517          1
   4653.344643722734          1
   4653.982064953951          1
   4654.619486185167          1
   4655.256907416384          1
   4655.894328647601          1
   4656.531749878817          1
   4657.169171110034          1
  4657.8065923412505          1
   4658.444013572467          1
   4659.081434803684          1
     4659.7188560349          1
   4660.356277266117          1
   4660.993698497334          1
    4661.63111972855          1
   4662.268540959767          1
   4662.905962190984          1
     4663.5433834222          1
   4664.180804653417          1
   4664.818225884634          1
    4665.45564711585          1
   4666.093068347067          1
   4666.730489578284          1
   4667.367910809501          1
   4668.005332040718          1
   4668.642753271934          1
   4669.280174503151          1
   4669.917595734368          1
   4670.555016965584          1
   4671.192438196801          1
   4671.829859428018          1
   4672.467280659234          1
   4673.104701890451          1
   4673.742123121668          1
   4674.379544352884          1
   4675.016965584101          1
   4675.654386815318          1
   4676.291808046534          1
   4676.929229277751          1
  4677.5666505089675          1
   4678.204071740184          1
   4678.841492971401          1
  4679.4789142026175          1
   4680.116335433834          1
   4680.753756665051          1
   4681.391177896267          1
   4682.028599127484          1
   4682.666020358701          1
   4683.303441589917          1
   4683.940862821134          1
   4684.578284052351          1
   4685.215705283567          1
   4685.853126514784          1
   4686.490547746001          1
   4687.127968977217          1
   4687.765390208434          1
   4688.402811439651          1
   4689.040232670867          1
   4689.677653902085          1
   4690.315075133301          1
   4690.952496364518          1
   4691.589917595735          1
   4692.227338826951          1
   4692.864760058168          1
   4693.502181289385          1
   4694.139602520601          1
   4694.777023751818          1
   4695.414444983035          1
   4696.051866214251          1
   4696.689287445468          1
   4697.326708676685          1
   4697.964129907901          1
   4698.601551139118          1
  4699.2389723703345          1
   4699.876393601551          1
   4700.513814832768          1
  4701.1512360639845          1
   4701.788657295201          1
   4702.426078526418          1
   4703.063499757634          1
   4703.700920988851          1
   4704.338342220068          1
   4704.975763451284          1
   4705.613184682501          1
   4706.250605913718          1
   4706.888027144934          1
   4707.525448376151          1
   4708.162869607368          1
   4708.800290838584          1
   4709.437712069801          1
   4710.075133301018          1
   4710.712554532234          1
   4711.349975763451          1
  4711.9873969946675          1
   4712.624818225885          1
   4713.262239457102          1
   4713.899660688318          1
   4714.537081919535          1
   4715.174503150752          1
   4715.811924381968          1
   4716.449345613185          1
   4717.086766844402          1
   4717.724188075618          1
   4718.361609306835          1
   4718.999030538052          1
   4719.636451769268          1
   4720.273873000485          1
  4720.9112942317015          1
   4721.548715462918          1
   4722.186136694135          1
   4722.823557925351          1
   4723.460979156568          1
   4724.098400387785          1
   4724.735821619001          1
   4725.373242850218          1
   4726.010664081435          1
   4726.648085312651          1
   4727.285506543868          1
   4727.922927775085          1
   4728.560349006301          1
   4729.197770237518          1
   4729.835191468735          1
   4730.472612699951          1
   4731.110033931168          1
  4731.7474551623845          1
   4732.384876393601          1
   4733.022297624818          1
  4733.6597188560345          1
   4734.297140087251          1
   4734.934561318469          1
   4735.571982549685          1
   4736.209403780902          1
   4736.846825012119          1
   4737.484246243335          1
   4738.121667474552          1
   4738.759088705769          1
   4739.396509936985          1
   4740.033931168202          1
  4740.6713523994185          1
   4741.308773630635          1
   4741.946194861852          1
  4742.5836160930685          1
   4743.221037324285          1
   4743.858458555502          1
   4744.495879786718          1
   4745.133301017935          1
   4745.770722249152          1
   4746.408143480368          1
   4747.045564711585          1
   4747.682985942802          1
   4748.320407174018          1
   4748.957828405235          1
   4749.595249636452          1
   4750.232670867668          1
   4750.870092098885          1
   4751.507513330102          1
   4752.144934561318          1
   4752.782355792535          1
  4753.4197770237515          1
   4754.057198254968          1
   4754.694619486185          1
  4755.3320407174015          1
   4755.969461948618          1
   4756.606883179835          1
   4757.244304411051          1
   4757.881725642268          1
   4758.519146873486          1
   4759.156568104702          1
   4759.793989335919          1
   4760.431410567136          1
   4761.068831798352          1
   4761.706253029569          1
  4762.3436742607855          1
   4762.981095492002          1
   4763.618516723219          1
  4764.2559379544355          1
   4764.893359185652          1
   4765.530780416869          1
   4766.168201648085          1
   4766.805622879302          1
   4767.443044110519          1
   4768.080465341735          1
   4768.717886572952          1
   4769.355307804169          1
   4769.992729035385          1
   4770.630150266602          1
   4771.267571497819          1
   4771.904992729035          1
   4772.542413960252          1
   4773.179835191469          1
   4773.817256422685          1
   4774.454677653902          1
  4775.0920988851185          1
   4775.729520116335          1
   4776.366941347552          1
   4777.004362578768          1
   4777.641783809985          1
   4778.279205041202          1
   4778.916626272418          1
   4779.554047503635          1
   4780.191468734853          1
   4780.828889966069          1
   4781.466311197286          1
   4782.103732428503          1
   4782.741153659719          1
   4783.378574890936          1
  4784.0159961221525          1
   4784.653417353369          1
   4785.290838584586          1
   4785.928259815802          1
   4786.565681047019          1
   4787.203102278236          1
   4787.840523509452          1
   4788.477944740669          1
   4789.115365971886          1
   4789.752787203102          1
   4790.390208434319          1
   4791.027629665536          1
   4791.665050896752          1
   4792.302472127969          1
   4792.939893359186          1
   4793.577314590402          1
   4794.214735821619          1
  4794.8521570528355          1
   4795.489578284052          1
   4796.126999515269          1
  4796.7644207464855          1
   4797.401841977702          1
   4798.039263208919          1
   4798.676684440135          1
   4799.314105671352          1
   4799.951526902569          1
   4800.588948133785          1
   4801.226369365002          1
   4801.863790596219          1
   4802.501211827435          1
   4803.138633058652          1
  4803.7760542898695          1
   4804.413475521086          1
   4805.050896752303          1
  4805.6883179835195          1
   4806.325739214736          1
   4806.963160445953          1
   4807.600581677169          1
   4808.238002908386          1
   4808.875424139603          1
   4809.512845370819          1
   4810.150266602036          1
   4810.787687833253          1
   4811.425109064469          1
   4812.062530295686          1
   4812.699951526903          1
   4813.337372758119          1
   4813.974793989336          1
   4814.612215220553          1
   4815.249636451769          1
   4815.887057682986          1
  4816.5244789142025          1
   4817.161900145419          1
   4817.799321376636          1
  4818.4367426078525          1
   4819.074163839069          1
   4819.711585070286          1
   4820.349006301502          1
   4820.986427532719          1
   4821.623848763936          1
   4822.261269995152          1
   4822.898691226369          1
   4823.536112457586          1
   4824.173533688802          1
   4824.810954920019          1
  4825.4483761512365          1
   4826.085797382453          1
    4826.72321861367          1
  4827.3606398448865          1
   4827.998061076103          1
    4828.63548230732          1
   4829.272903538536          1
   4829.910324769753          1
    4830.54774600097          1
   4831.185167232186          1
   4831.822588463403          1
    4832.46000969462          1
   4833.097430925836          1
   4833.734852157053          1
    4834.37227338827          1
   4835.009694619486          1
   4835.647115850703          1
    4836.28453708192          1
   4836.921958313136          1
   4837.559379544353          1
  4838.1968007755695          1
   4838.834222006786          1
   4839.471643238003          1
   4840.109064469219          1
   4840.746485700436          1
   4841.383906931653          1
   4842.021328162869          1
   4842.658749394086          1
   4843.296170625303          1
   4843.933591856519          1
   4844.571013087736          1
   4845.208434318953          1
   4845.845855550169          1
   4846.483276781386          1
   4847.120698012603          1
   4847.758119243819          1
   4848.395540475036          1
   4849.032961706253          1
    4849.67038293747          1
   4850.307804168687          1
   4850.945225399903          1
    4851.58264663112          1
   4852.220067862337          1
   4852.857489093553          1
    4853.49491032477          1
   4854.132331555987          1
   4854.769752787203          1
    4855.40717401842          1
   4856.044595249637          1
   4856.682016480853          1
    4857.31943771207          1
  4857.9568589432865          1
   4858.594280174503          1
    4859.23170140572          1
  4859.8691226369365          1
   4860.506543868153          1
    4861.14396509937          1
   4861.781386330586          1
   4862.418807561803          1
    4863.05622879302          1
   4863.693650024236          1
   4864.331071255453          1
    4864.96849248667          1
   4865.605913717886          1
   4866.243334949103          1
    4866.88075618032          1
   4867.518177411536          1
   4868.155598642753          1
    4868.79301987397          1
   4869.430441105186          1
   4870.067862336403          1
    4870.70528356762          1
   4871.342704798837          1
   4871.980126030054          1
    4872.61754726127          1
   4873.254968492487          1
   4873.892389723704          1
    4874.52981095492          1
   4875.167232186137          1
   4875.804653417354          1
    4876.44207464857          1
   4877.079495879787          1
   4877.716917111004          1
    4878.35433834222          1
   4878.991759573437          1
  4879.6291808046535          1
    4880.26660203587          1
   4880.904023267087          1
  4881.5414444983035          1
    4882.17886572952          1
   4882.816286960737          1
   4883.453708191953          1
    4884.09112942317          1
   4884.728550654387          1
   4885.365971885603          1
    4886.00339311682          1
   4886.640814348037          1
   4887.278235579253          1
    4887.91565681047          1
   4888.553078041687          1
   4889.190499272903          1
    4889.82792050412          1
   4890.465341735337          1
   4891.102762966553          1
    4891.74018419777          1
  4892.3776054289865          1
   4893.015026660203          1
    4893.65244789142          1
   4894.289869122636          1
   4894.927290353854          1
   4895.564711585071          1
   4896.202132816287          1
   4896.839554047504          1
   4897.476975278721          1
   4898.114396509937          1
   4898.751817741154          1
   4899.389238972371          1
   4900.026660203587          1
   4900.664081434804          1
  4901.3015026660205          1
   4901.938923897237          1
   4902.576345128454          1
    4903.21376635967          1
   4903.851187590887          1
   4904.488608822104          1
    4905.12603005332          1
   4905.763451284537          1
   4906.400872515754          1
    4907.03829374697          1
   4907.675714978187          1
   4908.313136209404          1
    4908.95055744062          1
   4909.587978671837          1
   4910.225399903054          1
    4910.86282113427          1
   4911.500242365487          1
  4912.1376635967035          1
    4912.77508482792          1
   4913.412506059137          1
  4914.0499272903535          1
    4914.68734852157          1
   4915.324769752787          1
   4915.962190984004          1
   4916.599612215221          1
   4917.237033446438          1
   4917.874454677654          1
   4918.511875908871          1
   4919.149297140088          1
   4919.786718371304          1
   4920.424139602521          1
  4921.0615608337375          1
   4921.698982064954          1
   4922.336403296171          1
  4922.9738245273875          1
   4923.611245758604          1
   4924.248666989821          1
   4924.886088221037          1
   4925.523509452254          1
   4926.160930683471          1
   4926.798351914687          1
   4927.435773145904          1
   4928.073194377121          1
   4928.710615608337          1
   4929.348036839554          1
   4929.985458070771          1
   4930.622879301987          1
   4931.260300533204          1
   4931.897721764421          1
   4932.535142995637          1
   4933.172564226854          1
  4933.8099854580705          1
   4934.447406689287          1
   4935.084827920504          1
  4935.7222491517205          1
   4936.359670382937          1
   4936.997091614154          1
    4937.63451284537          1
   4938.271934076587          1
   4938.909355307804          1
    4939.54677653902          1
   4940.184197770238          1
   4940.821619001455          1
   4941.459040232671          1
   4942.096461463888          1
  4942.7338826951045          1
   4943.371303926321          1
   4944.008725157538          1
  4944.6461463887545          1
   4945.283567619971          1
   4945.920988851188          1
   4946.558410082404          1
   4947.195831313621          1
   4947.833252544838          1
   4948.470673776054          1
   4949.108095007271          1
   4949.745516238488          1
   4950.382937469704          1
   4951.020358700921          1
   4951.657779932138          1
   4952.295201163354          1
   4952.932622394571          1
   4953.570043625788          1
   4954.207464857004          1
   4954.844886088221          1
  4955.4823073194375          1
   4956.119728550654          1
   4956.757149781871          1
   4957.394571013087          1
   4958.031992244304          1
   4958.669413475521          1
   4959.306834706737          1
   4959.944255937954          1
   4960.581677169171          1
   4961.219098400388          1
   4961.856519631605          1
   4962.493940862822          1
   4963.131362094038          1
   4963.768783325255          1
  4964.4062045564715          1
   4965.043625787688          1
   4965.681047018905          1
   4966.318468250121          1
   4966.955889481338          1
   4967.593310712555          1
   4968.230731943771          1
   4968.868153174988          1
   4969.505574406205          1
   4970.142995637421          1
   4970.780416868638          1
   4971.417838099855          1
   4972.055259331071          1
   4972.692680562288          1
   4973.330101793505          1
   4973.967523024721          1
   4974.604944255938          1
  4975.2423654871545          1
   4975.879786718371          1
   4976.517207949588          1
  4977.1546291808045          1
   4977.792050412021          1
   4978.429471643238          1
   4979.066892874454          1
   4979.704314105671          1
   4980.341735336888          1
   4980.979156568104          1
   4981.616577799321          1
   4982.253999030538          1
   4982.891420261754          1
   4983.528841492971          1
   4984.166262724188          1
   4984.803683955404          1
   4985.441105186622          1
  4986.0785264178385          1
   4986.715947649055          1
   4987.353368880272          1
   4987.990790111488          1
   4988.628211342705          1
   4989.265632573922          1
   4989.903053805138          1
   4990.540475036355          1
   4991.177896267572          1
   4991.815317498788          1
   4992.452738730005          1
   4993.090159961222          1
   4993.727581192438          1
   4994.365002423655          1
   4995.002423654872          1
   4995.639844886088          1
   4996.277266117305          1
  4996.9146873485215          1
   4997.552108579738          1
   4998.189529810955          1
  4998.8269510421715          1
   4999.464372273388          1
   5000.101793504605          1
   5000.739214735821          1
   5001.376635967038          1
   5002.014057198255          1
   5002.651478429471          1
   5003.288899660688          1
   5003.926320891905          1
   5004.563742123121          1
   5005.201163354338          1
   5005.838584585555          1
   5006.476005816771          1
   5007.113427047989          1
  5007.7508482792055          1
   5008.388269510422          1
   5009.025690741639          1
   5009.663111972855          1
   5010.300533204072          1
   5010.937954435289          1
   5011.575375666505          1
   5012.212796897722          1
   5012.850218128939          1
   5013.487639360155          1
   5014.125060591372          1
   5014.762481822589          1
   5015.399903053805          1
   5016.037324285022          1
  5016.6747455162385          1
   5017.312166747455          1
   5017.949587978672          1
  5018.5870092098885          1
   5019.224430441105          1
   5019.861851672322          1
   5020.499272903538          1
   5021.136694134755          1
   5021.774115365972          1
   5022.411536597188          1
   5023.048957828405          1
   5023.686379059622          1
   5024.323800290838          1
   5024.961221522055          1
   5025.598642753272          1
   5026.236063984488          1
   5026.873485215705          1
   5027.510906446922          1
   5028.148327678138          1
   5028.785748909355          1
  5029.4231701405715          1
   5030.060591371788          1
   5030.698012603005          1
   5031.335433834222          1
   5031.972855065439          1
   5032.610276296656          1
   5033.247697527872          1
   5033.885118759089          1
   5034.522539990306          1
   5035.159961221522          1
   5035.797382452739          1
   5036.434803683956          1
   5037.072224915172          1
   5037.709646146389          1
  5038.3470673776055          1
   5038.984488608822          1
   5039.621909840039          1
  5040.2593310712555          1
   5040.896752302472          1
   5041.534173533689          1
   5042.171594764905          1
   5042.809015996122          1
   5043.446437227339          1
   5044.083858458555          1
   5044.721279689772          1
   5045.358700920989          1
   5045.996122152205          1
   5046.633543383422          1
   5047.270964614639          1
   5047.908385845855          1
   5048.545807077072          1
   5049.183228308289          1
   5049.820649539505          1
   5050.458070770722          1
  5051.0954920019385          1
   5051.732913233155          1
   5052.370334464373          1
   5053.007755695589          1
   5053.645176926806          1
   5054.282598158023          1
   5054.920019389239          1
   5055.557440620456          1
   5056.194861851673          1
   5056.832283082889          1
   5057.469704314106          1
   5058.107125545323          1
   5058.744546776539          1
   5059.381968007756          1
  5060.0193892389725          1
   5060.656810470189          1
   5061.294231701406          1
  5061.9316529326225          1
   5062.569074163839          1
   5063.206495395056          1
   5063.843916626272          1
   5064.481337857489          1
   5065.118759088706          1
   5065.756180319922          1
   5066.393601551139          1
   5067.031022782356          1
   5067.668444013572          1
   5068.305865244789          1
   5068.943286476006          1
   5069.580707707222          1
   5070.218128938439          1
  5070.8555501696555          1
   5071.492971400872          1
   5072.130392632089          1
  5072.7678138633055          1
   5073.405235094522          1
   5074.042656325739          1
   5074.680077556955          1
   5075.317498788172          1
   5075.954920019389          1
   5076.592341250606          1
   5077.229762481823          1
    5077.86718371304          1
   5078.504604944256          1
   5079.142026175473          1
  5079.7794474066895          1
   5080.416868637906          1
   5081.054289869123          1
  5081.6917111003395          1
   5082.329132331556          1
   5082.966553562773          1
   5083.603974793989          1
   5084.241396025206          1
   5084.878817256423          1
   5085.516238487639          1
   5086.153659718856          1
   5086.791080950073          1
   5087.428502181289          1
   5088.065923412506          1
   5088.703344643723          1
   5089.340765874939          1
   5089.978187106156          1
   5090.615608337373          1
   5091.253029568589          1
   5091.890450799806          1
  5092.5278720310225          1
   5093.165293262239          1
   5093.802714493456          1
  5094.4401357246725          1
   5095.077556955889          1
   5095.714978187106          1
   5096.352399418322          1
   5096.989820649539          1
   5097.627241880757          1
   5098.264663111973          1
    5098.90208434319          1
   5099.539505574407          1
   5100.176926805623          1
    5100.81434803684          1
  5101.4517692680565          1
   5102.089190499273          1
    5102.72661173049          1
  5103.3640329617065          1
   5104.001454192923          1
    5104.63887542414          1
   5105.276296655356          1
   5105.913717886573          1
    5106.55113911779          1
   5107.188560349006          1
   5107.825981580223          1
    5108.46340281144          1
   5109.100824042656          1
   5109.738245273873          1
    5110.37566650509          1
   5111.013087736306          1
   5111.650508967523          1
    5112.28793019874          1
   5112.925351429956          1
   5113.562772661173          1
  5114.2001938923895          1
   5114.837615123606          1
   5115.475036354823          1
   5116.112457586039          1
   5116.749878817256          1
   5117.387300048473          1
   5118.024721279689          1
   5118.662142510906          1
   5119.299563742123          1
   5119.936984973339          1
   5120.574406204556          1
   5121.211827435773          1
    5121.84924866699          1
   5122.486669898207          1
  5123.1240911294235          1
    5123.76151236064          1
   5124.398933591857          1
   5125.036354823073          1
    5125.67377605429          1
   5126.311197285507          1
   5126.948618516723          1
    5127.58603974794          1
   5128.223460979157          1
   5128.860882210373          1
    5129.49830344159          1
   5130.135724672807          1
   5130.773145904023          1
    5131.41056713524          1
   5132.047988366457          1
   5132.685409597673          1
    5133.32283082889          1
  5133.9602520601065          1
   5134.597673291323          1
    5135.23509452254          1
  5135.8725157537565          1
   5136.509936984973          1
    5137.14735821619          1
   5137.784779447406          1
   5138.422200678623          1
    5139.05962190984          1
   5139.697043141056          1
   5140.334464372273          1
    5140.97188560349          1
   5141.609306834706          1
   5142.246728065924          1
  5142.8841492971405          1
   5143.521570528357          1
   5144.158991759574          1
  5144.7964129907905          1
   5145.433834222007          1
   5146.071255453224          1
    5146.70867668444          1
   5147.346097915657          1
   5147.983519146874          1
    5148.62094037809          1
   5149.258361609307          1
   5149.895782840524          1
    5150.53320407174          1
   5151.170625302957          1
   5151.808046534174          1
    5152.44546776539          1
   5153.082888996607          1
   5153.720310227824          1
    5154.35773145904          1
   5154.995152690257          1
  5155.6325739214735          1
    5156.26999515269          1
   5156.907416383907          1
  5157.5448376151235          1
    5158.18225884634          1
   5158.819680077557          1
   5159.457101308773          1
    5160.09452253999          1
   5160.731943771207          1
   5161.369365002423          1
    5162.00678623364          1
   5162.644207464857          1
   5163.281628696073          1
    5163.91904992729          1
   5164.556471158507          1
   5165.193892389723          1
    5165.83131362094          1
   5166.468734852157          1
   5167.106156083373          1
   5167.743577314591          1
   5168.380998545807          1
   5169.018419777024          1
   5169.655841008241          1
   5170.293262239457          1
   5170.930683470674          1
   5171.568104701891          1
   5172.205525933107          1
   5172.842947164324          1
   5173.480368395541          1
   5174.117789626757          1
   5174.755210857974          1
   5175.392632089191          1
   5176.030053320407          1
   5176.667474551624          1
  5177.3048957828405          1
   5177.942317014057          1
   5178.579738245274          1
    5179.21715947649          1
   5179.854580707707          1
   5180.492001938924          1
    5181.12942317014          1
   5181.766844401357          1
   5182.404265632574          1
    5183.04168686379          1
   5183.679108095007          1
   5184.316529326224          1
    5184.95395055744          1
   5185.591371788657          1
   5186.228793019874          1
    5186.86621425109          1
   5187.503635482307          1
   5188.141056713524          1
   5188.778477944741          1
   5189.415899175958          1
   5190.053320407174          1
   5190.690741638391          1
   5191.328162869608          1
   5191.965584100824          1
   5192.603005332041          1
   5193.240426563258          1
   5193.877847794474          1
   5194.515269025691          1
   5195.152690256908          1
   5195.790111488124          1
   5196.427532719341          1
  5197.0649539505575          1
   5197.702375181774          1
   5198.339796412991          1
  5198.9772176442075          1
   5199.614638875424          1
   5200.252060106641          1
   5200.889481337857          1
   5201.526902569074          1
   5202.164323800291          1
   5202.801745031507          1
   5203.439166262724          1
   5204.076587493941          1
   5204.714008725157          1
   5205.351429956374          1
   5205.988851187591          1
   5206.626272418807          1
   5207.263693650024          1
   5207.901114881241          1
   5208.538536112457          1
   5209.175957343674          1
  5209.8133785748905          1
   5210.450799806107          1
   5211.088221037324          1
  5211.7256422685405          1
   5212.363063499757          1
   5213.000484730974          1
   5213.637905962191          1
   5214.275327193408          1
   5214.912748424625          1
   5215.550169655841          1
   5216.187590887058          1
   5216.825012118275          1
   5217.462433349491          1
   5218.099854580708          1
  5218.7372758119245          1
   5219.374697043141          1
   5220.012118274358          1
  5220.6495395055745          1
   5221.286960736791          1
   5221.924381968008          1
   5222.561803199224          1
   5223.199224430441          1
   5223.836645661658          1
   5224.474066892874          1
   5225.111488124091          1
   5225.748909355308          1
   5226.386330586524          1
   5227.023751817741          1
   5227.661173048958          1
   5228.298594280174          1
   5228.936015511391          1
   5229.573436742608          1
   5230.210857973824          1
   5230.848279205041          1
  5231.4857004362575          1
   5232.123121667474          1
   5232.760542898691          1
   5233.397964129908          1
   5234.035385361125          1
   5234.672806592342          1
   5235.310227823558          1
   5235.947649054775          1
   5236.585070285992          1
   5237.222491517208          1
   5237.859912748425          1
   5238.497333979642          1
   5239.134755210858          1
   5239.772176442075          1
  5240.4095976732915          1
   5241.047018904508          1
   5241.684440135725          1
   5242.321861366941          1
   5242.959282598158          1
   5243.596703829375          1
   5244.234125060591          1
   5244.871546291808          1
   5245.508967523025          1
   5246.146388754241          1
   5246.783809985458          1
   5247.421231216675          1
   5248.058652447891          1
   5248.696073679108          1
   5249.333494910325          1
   5249.970916141541          1
   5250.608337372758          1
  5251.2457586039745          1
   5251.883179835191          1
   5252.520601066408          1
  5253.1580222976245          1
   5253.795443528841          1
   5254.432864760058          1
   5255.070285991274          1
   5255.707707222491          1
   5256.345128453708          1
   5256.982549684924          1
   5257.619970916141          1
   5258.257392147358          1
   5258.894813378575          1
   5259.532234609792          1
  5260.1696558410085          1
   5260.807077072225          1
   5261.444498303442          1
  5262.0819195346585          1
   5262.719340765875          1
   5263.356761997092          1
   5263.994183228308          1
   5264.631604459525          1
   5265.269025690742          1
   5265.906446921958          1
   5266.543868153175          1
   5267.181289384392          1
   5267.818710615608          1
   5268.456131846825          1
   5269.093553078042          1
   5269.730974309258          1
   5270.368395540475          1
   5271.005816771692          1
   5271.643238002908          1
   5272.280659234125          1
  5272.9180804653415          1
   5273.555501696558          1
   5274.192922927775          1
  5274.8303441589915          1
   5275.467765390208          1
   5276.105186621425          1
   5276.742607852641          1
   5277.380029083858          1
   5278.017450315075          1
   5278.654871546292          1
   5279.292292777509          1
   5279.929714008726          1
   5280.567135239942          1
   5281.204556471159          1
  5281.8419777023755          1
   5282.479398933592          1
   5283.116820164809          1
  5283.7542413960255          1
   5284.391662627242          1
   5285.029083858459          1
   5285.666505089675          1
   5286.303926320892          1
   5286.941347552109          1
   5287.578768783325          1
   5288.216190014542          1
   5288.853611245759          1
   5289.491032476975          1
   5290.128453708192          1
   5290.765874939409          1
   5291.403296170625          1
   5292.040717401842          1
   5292.678138633059          1
   5293.315559864275          1
   5293.952981095492          1
  5294.5904023267085          1
   5295.227823557925          1
   5295.865244789142          1
   5296.502666020358          1
   5297.140087251575          1
   5297.777508482792          1
   5298.414929714008          1
   5299.052350945225          1
   5299.689772176442          1
   5300.327193407658          1
   5300.964614638875          1
   5301.602035870092          1
   5302.239457101308          1
   5302.876878332525          1
   5303.514299563742          1
   5304.151720794959          1
   5304.789142026176          1
   5305.426563257392          1
   5306.063984488609          1
   5306.701405719826          1
   5307.338826951042          1
   5307.976248182259          1
   5308.613669413476          1
   5309.251090644692          1
   5309.888511875909          1
   5310.525933107126          1
   5311.163354338342          1
   5311.800775569559          1
   5312.438196800776          1
   5313.075618031992          1
   5313.713039263209          1
  5314.3504604944255          1
   5314.987881725642          1
   5315.625302956859          1
  5316.2627241880755          1
   5316.900145419292          1
   5317.537566650509          1
   5318.174987881725          1
   5318.812409112942          1
   5319.449830344159          1
   5320.087251575375          1
   5320.724672806592          1
   5321.362094037809          1
   5321.999515269025          1
   5322.636936500242          1
   5323.274357731459          1
   5323.911778962676          1
   5324.549200193893          1
  5325.1866214251095          1
   5325.824042656326          1
   5326.461463887543          1
   5327.098885118759          1
   5327.736306349976          1
   5328.373727581193          1
   5329.011148812409          1
   5329.648570043626          1
   5330.285991274843          1
   5330.923412506059          1
   5331.560833737276          1
   5332.198254968493          1
   5332.835676199709          1
   5333.473097430926          1
   5334.110518662143          1
   5334.747939893359          1
   5335.385361124576          1
  5336.0227823557925          1
   5336.660203587009          1
   5337.297624818226          1
  5337.9350460494425          1
   5338.572467280659          1
   5339.209888511876          1
   5339.847309743092          1
   5340.484730974309          1
   5341.122152205526          1
   5341.759573436742          1
   5342.396994667959          1
   5343.034415899176          1
   5343.671837130392          1
   5344.309258361609          1
   5344.946679592826          1
   5345.584100824042          1
   5346.221522055259          1
   5346.858943286476          1
   5347.496364517692          1
   5348.133785748909          1
  5348.7712069801255          1
   5349.408628211343          1
    5350.04604944256          1
   5350.683470673776          1
   5351.320891904993          1
    5351.95831313621          1
   5352.595734367426          1
   5353.233155598643          1
    5353.87057682986          1
   5354.507998061076          1
   5355.145419292293          1
    5355.78284052351          1
   5356.420261754726          1
   5357.057682985943          1
  5357.6951042171595          1
   5358.332525448376          1
   5358.969946679593          1
   5359.607367910809          1
   5360.244789142026          1
   5360.882210373243          1
   5361.519631604459          1
   5362.157052835676          1
   5362.794474066893          1
   5363.431895298109          1
   5364.069316529326          1
   5364.706737760543          1
   5365.344158991759          1
   5365.981580222976          1
   5366.619001454193          1
   5367.256422685409          1
   5367.893843916626          1
  5368.5312651478425          1
    5369.16868637906          1
   5369.806107610277          1
   5370.443528841493          1
    5371.08095007271          1
   5371.718371303927          1
   5372.355792535143          1
    5372.99321376636          1
   5373.630634997577          1
   5374.268056228793          1
    5374.90547746001          1
   5375.542898691227          1
   5376.180319922443          1
    5376.81774115366          1
  5377.4551623848765          1
   5378.092583616093          1
    5378.73000484731          1
  5379.3674260785265          1
   5380.004847309743          1
    5380.64226854096          1
   5381.279689772176          1
   5381.917111003393          1
    5382.55453223461          1
   5383.191953465826          1
   5383.829374697043          1
    5384.46679592826          1
   5385.104217159476          1
   5385.741638390693          1
    5386.37905962191          1
   5387.016480853126          1
   5387.653902084343          1
    5388.29132331556          1
   5388.928744546776          1
   5389.566165777993          1
  5390.2035870092095          1
   5390.841008240426          1
   5391.478429471643          1
  5392.1158507028595          1
   5392.753271934076          1
   5393.390693165293          1
   5394.028114396509          1
   5394.665535627726          1
   5395.302956858944          1
    5395.94037809016          1
   5396.577799321377          1
   5397.215220552594          1
    5397.85264178381          1
   5398.490063015027          1
  5399.1274842462435          1
    5399.76490547746          1
   5400.402326708677          1
  5401.0397479398935          1
    5401.67716917111          1
   5402.314590402327          1
   5402.952011633543          1
    5403.58943286476          1
   5404.226854095977          1
   5404.864275327193          1
    5405.50169655841          1
   5406.139117789627          1
   5406.776539020843          1
    5407.41396025206          1
   5408.051381483277          1
   5408.688802714493          1
    5409.32622394571          1
   5409.963645176927          1
   5410.601066408143          1
    5411.23848763936          1
  5411.8759088705765          1
   5412.513330101793          1
    5413.15075133301          1
   5413.788172564226          1
   5414.425593795443          1
   5415.063015026661          1
   5415.700436257877          1
   5416.337857489094          1
   5416.975278720311          1
   5417.612699951527          1
   5418.250121182744          1
   5418.887542413961          1
   5419.524963645177          1
   5420.162384876394          1
  5420.7998061076105          1
   5421.437227338827          1
   5422.074648570044          1
    5422.71206980126          1
   5423.349491032477          1
   5423.986912263694          1
    5424.62433349491          1
   5425.261754726127          1
   5425.899175957344          1
    5426.53659718856          1
   5427.174018419777          1
   5427.811439650994          1
    5428.44886088221          1
   5429.086282113427          1
   5429.723703344644          1
    5430.36112457586          1
   5430.998545807077          1
  5431.6359670382935          1
    5432.27338826951          1
   5432.910809500727          1
  5433.5482307319435          1
    5434.18565196316          1
   5434.823073194377          1
   5435.460494425593          1
    5436.09791565681          1
   5436.735336888027          1
   5437.372758119243          1
    5438.01017935046          1
   5438.647600581677          1
   5439.285021812893          1
    5439.92244304411          1
  5440.5598642753275          1
   5441.197285506544          1
   5441.834706737761          1
  5442.4721279689775          1
   5443.109549200194          1
   5443.746970431411          1
   5444.384391662627          1
   5445.021812893844          1
   5445.659234125061          1
   5446.296655356277          1
   5446.934076587494          1
   5447.571497818711          1
   5448.208919049927          1
   5448.846340281144          1
   5449.483761512361          1
   5450.121182743577          1
   5450.758603974794          1
   5451.396025206011          1
   5452.033446437227          1
   5452.670867668444          1
  5453.3082888996605          1
   5453.945710130877          1
   5454.583131362094          1
  5455.2205525933105          1
   5455.857973824527          1
   5456.495395055744          1
    5457.13281628696          1
   5457.770237518177          1
   5458.407658749394          1
    5459.04507998061          1
   5459.682501211827          1
   5460.319922443045          1
   5460.957343674261          1
   5461.594764905478          1
  5462.2321861366945          1
   5462.869607367911          1
   5463.507028599128          1
  5464.1444498303445          1
   5464.781871061561          1
   5465.419292292778          1
   5466.056713523994          1
   5466.694134755211          1
   5467.331555986428          1
   5467.968977217644          1
   5468.606398448861          1
   5469.243819680078          1
   5469.881240911294          1
   5470.518662142511          1
   5471.156083373728          1
   5471.793504604944          1
   5472.430925836161          1
  5473.0683470673775          1
   5473.705768298594          1
   5474.343189529811          1
  5474.9806107610275          1
   5475.618031992244          1
   5476.255453223461          1
   5476.892874454677          1
   5477.530295685894          1
   5478.167716917111          1
   5478.805138148327          1
   5479.442559379544          1
   5480.079980610761          1
   5480.717401841977          1
   5481.354823073194          1
   5481.992244304411          1
   5482.629665535627          1
   5483.267086766844          1
   5483.904507998061          1
   5484.541929229277          1
   5485.179350460494          1
   5485.816771691711          1
   5486.454192922928          1
   5487.091614154145          1
   5487.729035385361          1
   5488.366456616578          1
   5489.003877847795          1
   5489.641299079011          1
   5490.278720310228          1
   5490.916141541445          1
   5491.553562772661          1
   5492.190984003878          1
   5492.828405235095          1
   5493.465826466311          1
   5494.103247697528          1
  5494.7406689287445          1
   5495.378090159961          1
   5496.015511391178          1
  5496.6529326223945          1
   5497.290353853611          1
   5497.927775084828          1
   5498.565196316044          1
   5499.202617547261          1
   5499.840038778478          1
   5500.477460009694          1
   5501.114881240911          1
   5501.752302472128          1
   5502.389723703344          1
   5503.027144934561          1
   5503.664566165778          1
   5504.301987396994          1
   5504.939408628211          1
  5505.5768298594285          1
   5506.214251090645          1
   5506.851672321862          1
   5507.489093553078          1
   5508.126514784295          1
   5508.763936015512          1
   5509.401357246728          1
   5510.038778477945          1
   5510.676199709162          1
   5511.313620940378          1
   5511.951042171595          1
   5512.588463402812          1
   5513.225884634028          1
   5513.863305865245          1
   5514.500727096462          1
   5515.138148327678          1
   5515.775569558895          1
  5516.4129907901115          1
   5517.050412021328          1
   5517.687833252545          1
  5518.3252544837615          1
   5518.962675714978          1
   5519.600096946195          1
   5520.237518177411          1
   5520.874939408628          1
   5521.512360639845          1
   5522.149781871061          1
   5522.787203102278          1
   5523.424624333495          1
   5524.062045564711          1
   5524.699466795928          1
   5525.336888027145          1
   5525.974309258361          1
   5526.611730489578          1
  5527.2491517207945          1
   5527.886572952011          1
   5528.523994183228          1
  5529.1614154144445          1
   5529.798836645661          1
   5530.436257876878          1
   5531.073679108095          1
   5531.711100339312          1
   5532.348521570529          1
   5532.985942801745          1
   5533.623364032962          1
   5534.260785264179          1
   5534.898206495395          1
   5535.535627726612          1
  5536.1730489578285          1
   5536.810470189045          1
   5537.447891420262          1
  5538.0853126514785          1
   5538.722733882695          1
   5539.360155113912          1
   5539.997576345128          1
   5540.634997576345          1
   5541.272418807562          1
   5541.909840038778          1
   5542.547261269995          1
   5543.184682501212          1
   5543.822103732428          1
   5544.459524963645          1
   5545.096946194862          1
   5545.734367426078          1
   5546.371788657295          1
   5547.009209888512          1
   5547.646631119728          1
   5548.284052350945          1
  5548.9214735821615          1
   5549.558894813378          1
   5550.196316044595          1
   5550.833737275812          1
   5551.471158507029          1
   5552.108579738246          1
   5552.746000969462          1
   5553.383422200679          1
   5554.020843431896          1
   5554.658264663112          1
   5555.295685894329          1
   5555.933107125546          1
   5556.570528356762          1
   5557.207949587979          1
  5557.8453708191955          1
   5558.482792050412          1
   5559.120213281629          1
  5559.7576345128455          1
   5560.395055744062          1
   5561.032476975279          1
   5561.669898206495          1
   5562.307319437712          1
   5562.944740668929          1
   5563.582161900145          1
   5564.219583131362          1
   5564.857004362579          1
   5565.494425593795          1
   5566.131846825012          1
   5566.769268056229          1
   5567.406689287445          1
   5568.044110518662          1
   5568.681531749879          1
   5569.318952981095          1
   5569.956374212312          1
  5570.5937954435285          1
   5571.231216674745          1
   5571.868637905962          1
   5572.506059137178          1
   5573.143480368395          1
   5573.780901599612          1
   5574.418322830828          1
   5575.055744062045          1
   5575.693165293262          1
   5576.330586524479          1
   5576.968007755696          1
   5577.605428986913          1
   5578.242850218129          1
   5578.880271449346          1
  5579.5176926805625          1
   5580.155113911779          1
   5580.792535142996          1
   5581.429956374212          1
   5582.067377605429          1
   5582.704798836646          1
   5583.342220067862          1
   5583.979641299079          1
   5584.617062530296          1
   5585.254483761512          1
   5585.891904992729          1
   5586.529326223946          1
   5587.166747455162          1
   5587.804168686379          1
   5588.441589917596          1
   5589.079011148812          1
   5589.716432380029          1
  5590.3538536112455          1
   5590.991274842462          1
   5591.628696073679          1
  5592.2661173048955          1
   5592.903538536112          1
   5593.540959767329          1
   5594.178380998545          1
   5594.815802229762          1
   5595.453223460979          1
   5596.090644692195          1
   5596.728065923413          1
    5597.36548715463          1
   5598.002908385846          1
   5598.640329617063          1
  5599.2777508482795          1
   5599.915172079496          1
   5600.552593310713          1
  5601.1900145419295          1
   5601.827435773146          1
   5602.464857004363          1
   5603.102278235579          1
   5603.739699466796          1
   5604.377120698013          1
   5605.014541929229          1
   5605.651963160446          1
   5606.289384391663          1
   5606.926805622879          1
   5607.564226854096          1
   5608.201648085313          1
   5608.839069316529          1
   5609.476490547746          1
   5610.113911778963          1
   5610.751333010179          1
   5611.388754241396          1
  5612.0261754726125          1
   5612.663596703829          1
   5613.301017935046          1
  5613.9384391662625          1
   5614.575860397479          1
   5615.213281628696          1
   5615.850702859912          1
   5616.488124091129          1
   5617.125545322346          1
   5617.762966553562          1
   5618.400387784779          1
   5619.037809015996          1
   5619.675230247212          1
   5620.312651478429          1
   5620.950072709646          1
   5621.587493940862          1
    5622.22491517208          1
  5622.8623364032965          1
   5623.499757634513          1
    5624.13717886573          1
   5624.774600096946          1
   5625.412021328163          1
    5626.04944255938          1
   5626.686863790596          1
   5627.324285021813          1
    5627.96170625303          1
   5628.599127484246          1
   5629.236548715463          1
    5629.87396994668          1
   5630.511391177896          1
   5631.148812409113          1
    5631.78623364033          1
   5632.423654871546          1
   5633.061076102763          1
  5633.6984973339795          1
   5634.335918565196          1
   5634.973339796413          1
   5635.610761027629          1
   5636.248182258846          1
   5636.885603490063          1
   5637.523024721279          1
   5638.160445952496          1
   5638.797867183713          1
   5639.435288414929          1
   5640.072709646146          1
   5640.710130877364          1
    5641.34755210858          1
   5641.984973339797          1
  5642.6223945710135          1
    5643.25981580223          1
   5643.897237033447          1
   5644.534658264663          1
    5645.17207949588          1
   5645.809500727097          1
   5646.446921958313          1
    5647.08434318953          1
   5647.721764420747          1
   5648.359185651963          1
    5648.99660688318          1
   5649.634028114397          1
   5650.271449345613          1
    5650.90887057683          1
   5651.546291808047          1
   5652.183713039263          1
    5652.82113427048          1
  5653.4585555016965          1
   5654.095976732913          1
    5654.73339796413          1
  5655.3708191953465          1
   5656.008240426563          1
    5656.64566165778          1
   5657.283082888996          1
   5657.920504120213          1
    5658.55792535143          1
   5659.195346582646          1
   5659.832767813863          1
    5660.47018904508          1
   5661.107610276296          1
   5661.745031507513          1
    5662.38245273873          1
   5663.019873969946          1
   5663.657295201163          1
    5664.29471643238          1
   5664.932137663596          1
   5665.569558894813          1
  5666.2069801260295          1
   5666.844401357246          1
   5667.481822588463          1
  5668.1192438196795          1
   5668.756665050897          1
   5669.394086282114          1
    5670.03150751333          1
   5670.668928744547          1
   5671.306349975764          1
    5671.94377120698          1
   5672.581192438197          1
   5673.218613669414          1
    5673.85603490063          1
   5674.493456131847          1
  5675.1308773630635          1
    5675.76829859428          1
   5676.405719825497          1
  5677.0431410567135          1
    5677.68056228793          1
   5678.317983519147          1
   5678.955404750363          1
    5679.59282598158          1
   5680.230247212797          1
   5680.867668444013          1
    5681.50508967523          1
   5682.142510906447          1
   5682.779932137663          1
    5683.41735336888          1
   5684.054774600097          1
   5684.692195831313          1
    5685.32961706253          1
  5685.9670382937475          1
   5686.604459524964          1
   5687.241880756181          1
   5687.879301987397          1
   5688.516723218614          1
   5689.154144449831          1
   5689.791565681047          1
   5690.428986912264          1
   5691.066408143481          1
   5691.703829374697          1
   5692.341250605914          1
   5692.978671837131          1
   5693.616093068347          1
   5694.253514299564          1
   5694.890935530781          1
   5695.528356761997          1
   5696.165777993214          1
  5696.8031992244305          1
   5697.440620455647          1
   5698.078041686864          1
    5698.71546291808          1
   5699.352884149297          1
   5699.990305380514          1
    5700.62772661173          1
   5701.265147842947          1
   5701.902569074164          1
    5702.53999030538          1
   5703.177411536597          1
   5703.814832767814          1
    5704.45225399903          1
   5705.089675230247          1
   5705.727096461464          1
    5706.36451769268          1
   5707.001938923897          1
  5707.6393601551135          1
    5708.27678138633          1
   5708.914202617547          1
  5709.5516238487635          1
    5710.18904507998          1
   5710.826466311197          1
   5711.463887542413          1
    5712.10130877363          1
   5712.738730004847          1
   5713.376151236063          1
   5714.013572467281          1
   5714.650993698498          1
   5715.288414929714          1
   5715.925836160931          1
  5716.5632573921475          1
   5717.200678623364          1
   5717.838099854581          1
  5718.4755210857975          1
   5719.112942317014          1
   5719.750363548231          1
   5720.387784779447          1
   5721.025206010664          1
   5721.662627241881          1
   5722.300048473097          1
   5722.937469704314          1
   5723.574890935531          1
   5724.212312166747          1
   5724.849733397964          1
   5725.487154629181          1
   5726.124575860397          1
   5726.761997091614          1
   5727.399418322831          1
   5728.036839554047          1
   5728.674260785264          1
  5729.3116820164805          1
   5729.949103247697          1
   5730.586524478914          1
   5731.223945710131          1
   5731.861366941348          1
   5732.498788172565          1
   5733.136209403781          1
   5733.773630634998          1
   5734.411051866215          1
   5735.048473097431          1
   5735.685894328648          1
   5736.323315559865          1
   5736.960736791081          1
   5737.598158022298          1
  5738.2355792535145          1
   5738.873000484731          1
   5739.510421715948          1
  5740.1478429471645          1
   5740.785264178381          1
   5741.422685409598          1
   5742.060106640814          1
   5742.697527872031          1
   5743.334949103248          1
   5743.972370334464          1
   5744.609791565681          1
   5745.247212796898          1
   5745.884634028114          1
   5746.522055259331          1
   5747.159476490548          1
   5747.796897721764          1
   5748.434318952981          1
   5749.071740184198          1
   5749.709161415414          1
   5750.346582646631          1
  5750.9840038778475          1
   5751.621425109064          1
   5752.258846340281          1
   5752.896267571497          1
   5753.533688802714          1
   5754.171110033931          1
   5754.808531265147          1
   5755.445952496364          1
   5756.083373727581          1
   5756.720794958797          1
   5757.358216190014          1
   5757.995637421231          1
   5758.633058652447          1
   5759.270479883664          1
  5759.9079011148815          1
   5760.545322346098          1
   5761.182743577315          1
   5761.820164808531          1
   5762.457586039748          1
   5763.095007270965          1
   5763.732428502181          1
   5764.369849733398          1
   5765.007270964615          1
   5765.644692195831          1
   5766.282113427048          1
   5766.919534658265          1
   5767.556955889481          1
   5768.194377120698          1
   5768.831798351915          1
   5769.469219583131          1
   5770.106640814348          1
  5770.7440620455645          1
   5771.381483276781          1
   5772.018904507998          1
  5772.6563257392145          1
   5773.293746970431          1
   5773.931168201648          1
   5774.568589432864          1
   5775.206010664081          1
   5775.843431895298          1
   5776.480853126515          1
   5777.118274357732          1
   5777.755695588949          1
   5778.393116820165          1
   5779.030538051382          1
  5779.6679592825985          1
   5780.305380513815          1
   5780.942801745032          1
  5781.5802229762485          1
   5782.217644207465          1
   5782.855065438682          1
   5783.492486669898          1
   5784.129907901115          1
   5784.767329132332          1
   5785.404750363548          1
   5786.042171594765          1
   5786.679592825982          1
   5787.317014057198          1
   5787.954435288415          1
   5788.591856519632          1
   5789.229277750848          1
   5789.866698982065          1
   5790.504120213282          1
   5791.141541444498          1
   5791.778962675715          1
  5792.4163839069315          1
   5793.053805138148          1
   5793.691226369365          1
  5794.3286476005815          1
   5794.966068831798          1
   5795.603490063015          1
   5796.240911294231          1
   5796.878332525448          1
   5797.515753756665          1
   5798.153174987881          1
   5798.790596219098          1
   5799.428017450315          1
   5800.065438681531          1
   5800.702859912748          1
   5801.340281143965          1
   5801.977702375181          1
   5802.615123606398          1
   5803.252544837615          1
   5803.889966068831          1
   5804.527387300048          1
   5805.164808531265          1
   5805.802229762482          1
   5806.439650993699          1
   5807.077072224915          1
   5807.714493456132          1
   5808.351914687349          1
   5808.989335918565          1
   5809.626757149782          1
   5810.264178380999          1
   5810.901599612215          1
   5811.539020843432          1
   5812.176442074649          1
   5812.813863305865          1
   5813.451284537082          1
  5814.0887057682985          1
   5814.726126999515          1
   5815.363548230732          1
   5816.000969461948          1
   5816.638390693165          1
   5817.275811924382          1
   5817.913233155598          1
   5818.550654386815          1
   5819.188075618032          1
   5819.825496849248          1
   5820.462918080465          1
   5821.100339311682          1
   5821.737760542898          1
   5822.375181774116          1
  5823.0126030053325          1
   5823.650024236549          1
   5824.287445467766          1
   5824.924866698982          1
   5825.562287930199          1
   5826.199709161416          1
   5826.837130392632          1
   5827.474551623849          1
   5828.111972855066          1
   5828.749394086282          1
   5829.386815317499          1
   5830.024236548716          1
   5830.661657779932          1
   5831.299079011149          1
   5831.936500242366          1
   5832.573921473582          1
   5833.211342704799          1
  5833.8487639360155          1
   5834.486185167232          1
   5835.123606398449          1
  5835.7610276296655          1
   5836.398448860882          1
   5837.035870092099          1
   5837.673291323315          1
   5838.310712554532          1
   5838.948133785749          1
   5839.585555016965          1
   5840.222976248182          1
   5840.860397479399          1
   5841.497818710615          1
   5842.135239941832          1
   5842.772661173049          1
   5843.410082404265          1
   5844.047503635482          1
   5844.684924866699          1
   5845.322346097915          1
   5845.959767329132          1
  5846.5971885603485          1
   5847.234609791565          1
   5847.872031022782          1
  5848.5094522539985          1
   5849.146873485215          1
   5849.784294716432          1
   5850.421715947649          1
   5851.059137178866          1
   5851.696558410083          1
   5852.333979641299          1
   5852.971400872516          1
   5853.608822103733          1
   5854.246243334949          1
   5854.883664566166          1
  5855.5210857973825          1
   5856.158507028599          1
   5856.795928259816          1
  5857.4333494910325          1
   5858.070770722249          1
   5858.708191953466          1
   5859.345613184682          1
   5859.983034415899          1
   5860.620455647116          1
   5861.257876878332          1
   5861.895298109549          1
   5862.532719340766          1
   5863.170140571982          1
   5863.807561803199          1
   5864.444983034416          1
   5865.082404265632          1
   5865.719825496849          1
   5866.357246728066          1
   5866.994667959282          1
     5867.6320891905          1
   5868.269510421716          1
   5868.906931652933          1
    5869.54435288415          1
   5870.181774115366          1
   5870.819195346583          1
     5871.4566165778          1
   5872.094037809016          1
   5872.731459040233          1
    5873.36888027145          1
   5874.006301502666          1
   5874.643722733883          1
     5875.2811439651          1
   5875.918565196316          1
   5876.555986427533          1
  5877.1934076587495          1
   5877.830828889966          1
   5878.468250121183          1
   5879.105671352399          1
   5879.743092583616          1
   5880.380513814833          1
   5881.017935046049          1
   5881.655356277266          1
   5882.292777508483          1
   5882.930198739699          1
   5883.567619970916          1
   5884.205041202133          1
   5884.842462433349          1
   5885.479883664566          1
   5886.117304895783          1
   5886.754726126999          1
   5887.392147358216          1
  5888.0295685894325          1
   5888.666989820649          1
   5889.304411051866          1
  5889.9418322830825          1
   5890.579253514299          1
   5891.216674745516          1
   5891.854095976732          1
   5892.491517207949          1
   5893.128938439166          1
   5893.766359670382          1
   5894.403780901599          1
   5895.041202132816          1
   5895.678623364033          1
    5896.31604459525          1
  5896.9534658264665          1
   5897.590887057683          1
     5898.2283082889          1
  5898.8657295201165          1
   5899.503150751333          1
    5900.14057198255          1
   5900.777993213766          1
   5901.415414444983          1
     5902.0528356762          1
   5902.690256907416          1
   5903.327678138633          1
    5903.96509936985          1
   5904.602520601066          1
   5905.239941832283          1
     5905.8773630635          1
   5906.514784294716          1
   5907.152205525933          1
    5907.78962675715          1
   5908.427047988366          1
   5909.064469219583          1
  5909.7018904507995          1
   5910.339311682016          1
   5910.976732913233          1
  5911.6141541444495          1
   5912.251575375666          1
   5912.888996606884          1
     5913.5264178381          1
   5914.163839069317          1
   5914.801260300534          1
    5915.43868153175          1
   5916.076102762967          1
   5916.713523994184          1
     5917.3509452254          1
   5917.988366456617          1
  5918.6257876878335          1
    5919.26320891905          1
   5919.900630150267          1
  5920.5380513814835          1
     5921.1754726127          1
   5921.812893843917          1
   5922.450315075133          1
    5923.08773630635          1
   5923.725157537567          1
   5924.362578768783          1
              5925.0          1
