rectified_wavelength throughput
-------------------- ----------
              4730.0          1
   4731.079628724963          1
   4732.159257449926          1
  4733.2388861748905          1
   4734.318514899854          1
   4735.398143624817          1
    4736.47777234978          1
   4737.557401074743          1
   4738.637029799707          1
  4739.7166585246705          1
   4740.796287249634          1
   4741.875915974597          1
    4742.95554469956          1
   4744.035173424523          1
   4745.114802149487          1
  4746.1944308744505          1
   4747.274059599414          1
   4748.353688324377          1
    4749.43331704934          1
   4750.512945774304          1
   4751.592574499267          1
  4752.6722032242305          1
   4753.751831949194          1
   4754.831460674157          1
   4755.911089399121          1
   4756.990718124084          1
   4758.070346849047          1
   4759.149975574011          1
   4760.229604298974          1
   4761.309233023938          1
   4762.388861748901          1
   4763.468490473864          1
   4764.548119198827          1
   4765.627747923791          1
   4766.707376648755          1
   4767.787005373718          1
   4768.866634098681          1
   4769.946262823644          1
   4771.025891548607          1
  4772.1055202735715          1
   4773.185148998535          1
   4774.264777723498          1
   4775.344406448461          1
   4776.424035173424          1
  4777.5036638983875          1
   4778.583292623352          1
   4779.662921348315          1
   4780.742550073278          1
   4781.822178798241          1
   4782.901807523204          1
   4783.981436248168          1
   4785.061064973132          1
   4786.140693698095          1
   4787.220322423058          1
   4788.299951148021          1
   4789.379579872985          1
   4790.459208597948          1
   4791.538837322912          1
   4792.618466047875          1
   4793.698094772838          1
   4794.777723497802          1
   4795.857352222765          1
   4796.936980947728          1
   4798.016609672692          1
   4799.096238397655          1
   4800.175867122618          1
   4801.255495847582          1
   4802.335124572545          1
  4803.4147532975085          1
   4804.494382022472          1
   4805.574010747435          1
   4806.653639472399          1
   4807.733268197362          1
   4808.812896922325          1
  4809.8925256472885          1
   4810.972154372252          1
   4812.051783097216          1
   4813.131411822179          1
   4814.211040547142          1
   4815.290669272105          1
  4816.3702979970685          1
   4817.449926722033          1
   4818.529555446996          1
   4819.609184171959          1
   4820.688812896922          1
   4821.768441621885          1
   4822.848070346849          1
   4823.927699071813          1
   4825.007327796776          1
   4826.086956521739          1
   4827.166585246702          1
   4828.246213971666          1
  4829.3258426966295          1
   4830.405471421593          1
   4831.485100146556          1
   4832.564728871519          1
   4833.644357596482          1
   4834.723986321446          1
  4835.8036150464095          1
   4836.883243771373          1
   4837.962872496336          1
   4839.042501221299          1
   4840.122129946263          1
   4841.201758671226          1
  4842.2813873961895          1
   4843.361016121153          1
   4844.440644846116          1
    4845.52027357108          1
   4846.599902296043          1
   4847.679531021006          1
    4848.75915974597          1
   4849.838788470933          1
   4850.918417195897          1
    4851.99804592086          1
   4853.077674645823          1
   4854.157303370786          1
    4855.23693209575          1
   4856.316560820714          1
   4857.396189545677          1
    4858.47581827064          1
   4859.555446995603          1
   4860.635075720566          1
    4861.71470444553          1
   4862.794333170494          1
   4863.873961895457          1
    4864.95359062042          1
   4866.033219345383          1
   4867.112848070346          1
  4868.1924767953105          1
   4869.272105520274          1
   4870.351734245237          1
     4871.4313629702          1
   4872.510991695163          1
   4873.590620420127          1
   4874.670249145091          1
   4875.749877870054          1
   4876.829506595017          1
    4877.90913531998          1
   4878.988764044944          1
   4880.068392769907          1
   4881.148021494871          1
   4882.227650219834          1
   4883.307278944797          1
   4884.386907669761          1
   4885.466536394724          1
   4886.546165119687          1
   4887.625793844651          1
   4888.705422569614          1
   4889.785051294577          1
   4890.864680019541          1
   4891.944308744504          1
  4893.0239374694675          1
   4894.103566194431          1
   4895.183194919394          1
   4896.262823644358          1
   4897.342452369321          1
   4898.422081094284          1
  4899.5017098192475          1
   4900.581338544211          1
   4901.660967269175          1
   4902.740595994138          1
   4903.820224719101          1
   4904.899853444064          1
  4905.9794821690275          1
   4907.059110893992          1
   4908.138739618955          1
   4909.218368343918          1
   4910.297997068881          1
   4911.377625793844          1
  4912.4572545188075          1
   4913.536883243772          1
   4914.616511968735          1
   4915.696140693698          1
   4916.775769418661          1
   4917.855398143624          1
  4918.9350268685885          1
   4920.014655593552          1
   4921.094284318515          1
   4922.173913043478          1
   4923.253541768441          1
   4924.333170493405          1
  4925.4127992183685          1
   4926.492427943332          1
   4927.572056668295          1
   4928.651685393258          1
   4929.731314118222          1
   4930.810942843185          1
  4931.8905715681485          1
   4932.970200293112          1
   4934.049829018075          1
   4935.129457743039          1
   4936.209086468002          1
   4937.288715192965          1
  4938.3683439179285          1
   4939.447972642892          1
   4940.527601367856          1
   4941.607230092819          1
   4942.686858817782          1
   4943.766487542745          1
   4944.846116267709          1
   4945.925744992672          1
   4947.005373717636          1
   4948.085002442599          1
   4949.164631167562          1
   4950.244259892525          1
   4951.323888617489          1
   4952.403517342453          1
   4953.483146067416          1
   4954.562774792379          1
   4955.642403517342          1
   4956.722032242305          1
  4957.8016609672695          1
   4958.881289692233          1
   4959.960918417196          1
   4961.040547142159          1
   4962.120175867122          1
   4963.199804592086          1
    4964.27943331705          1
   4965.359062042013          1
   4966.438690766976          1
   4967.518319491939          1
   4968.597948216903          1
   4969.677576941866          1
    4970.75720566683          1
   4971.836834391793          1
   4972.916463116756          1
   4973.996091841719          1
   4975.075720566683          1
   4976.155349291646          1
    4977.23497801661          1
   4978.314606741573          1
   4979.394235466536          1
     4980.4738641915          1
   4981.553492916463          1
   4982.633121641426          1
    4983.71275036639          1
   4984.792379091353          1
   4985.872007816317          1
    4986.95163654128          1
   4988.031265266243          1
  4989.1108939912065          1
    4990.19052271617          1
   4991.270151441134          1
   4992.349780166097          1
    4993.42940889106          1
   4994.509037616023          1
  4995.5886663409865          1
   4996.668295065951          1
   4997.747923790914          1
   4998.827552515877          1
    4999.90718124084          1
   5000.986809965803          1
  5002.0664386907665          1
   5003.146067415731          1
   5004.225696140694          1
   5005.305324865657          1
    5006.38495359062          1
   5007.464582315583          1
   5008.544211040547          1
   5009.623839765511          1
   5010.703468490474          1
   5011.783097215437          1
     5012.8627259404          1
   5013.942354665364          1
  5015.0219833903275          1
   5016.101612115291          1
   5017.181240840254          1
   5018.260869565217          1
   5019.340498290181          1
   5020.420127015144          1
  5021.4997557401075          1
   5022.579384465071          1
   5023.659013190034          1
   5024.738641914997          1
   5025.818270639961          1
   5026.897899364924          1
  5027.9775280898875          1
   5029.057156814851          1
   5030.136785539815          1
   5031.216414264778          1
   5032.296042989741          1
   5033.375671714704          1
   5034.455300439668          1
   5035.534929164631          1
   5036.614557889595          1
   5037.694186614558          1
   5038.773815339521          1
   5039.853444064484          1
   5040.933072789448          1
   5042.012701514412          1
   5043.092330239375          1
   5044.171958964338          1
   5045.251587689301          1
   5046.331216414264          1
  5047.4108451392285          1
   5048.490473864192          1
   5049.570102589155          1
   5050.649731314118          1
   5051.729360039081          1
   5052.808988764045          1
  5053.8886174890085          1
   5054.968246213972          1
   5056.047874938935          1
   5057.127503663898          1
   5058.207132388861          1
   5059.286761113825          1
   5060.366389838789          1
   5061.446018563752          1
   5062.525647288715          1
   5063.605276013678          1
   5064.684904738642          1
   5065.764533463605          1
   5066.844162188569          1
   5067.923790913532          1
   5069.003419638495          1
   5070.083048363459          1
   5071.162677088422          1
   5072.242305813385          1
   5073.321934538349          1
   5074.401563263312          1
   5075.481191988276          1
   5076.560820713239          1
   5077.640449438202          1
   5078.720078163165          1
   5079.799706888129          1
   5080.879335613092          1
   5081.958964338056          1
   5083.038593063019          1
   5084.118221787982          1
  5085.1978505129455          1
    5086.27747923791          1
   5087.357107962873          1
   5088.436736687836          1
   5089.516365412799          1
   5090.595994137762          1
  5091.6756228627255          1
    5092.75525158769          1
   5093.834880312653          1
   5094.914509037616          1
   5095.994137762579          1
   5097.073766487542          1
   5098.153395212506          1
    5099.23302393747          1
   5100.312652662433          1
   5101.392281387396          1
   5102.471910112359          1
   5103.551538837323          1
  5104.6311675622865          1
    5105.71079628725          1
   5106.790425012213          1
   5107.870053737176          1
    5108.94968246214          1
   5110.029311187103          1
  5111.1089399120665          1
    5112.18856863703          1
   5113.268197361993          1
   5114.347826086956          1
    5115.42745481192          1
   5116.507083536883          1
  5117.5867122618465          1
    5118.66634098681          1
   5119.745969711773          1
   5120.825598436737          1
     5121.9052271617          1
   5122.984855886663          1
  5124.0644846116265          1
    5125.14411333659          1
   5126.223742061554          1
   5127.303370786517          1
    5128.38299951148          1
   5129.462628236443          1
   5130.542256961407          1
   5131.621885686371          1
   5132.701514411334          1
   5133.781143136297          1
    5134.86077186126          1
   5135.940400586223          1
   5137.020029311187          1
   5138.099658036151          1
   5139.179286761114          1
   5140.258915486077          1
    5141.33854421104          1
   5142.418172936004          1
  5143.4978016609675          1
   5144.577430385931          1
   5145.657059110894          1
   5146.736687835857          1
    5147.81631656082          1
   5148.895945285784          1
   5149.975574010748          1
   5151.055202735711          1
   5152.134831460674          1
   5153.214460185637          1
   5154.294088910601          1
   5155.373717635564          1
   5156.453346360528          1
   5157.532975085491          1
   5158.612603810454          1
   5159.692232535418          1
   5160.771861260381          1
   5161.851489985344          1
   5162.931118710308          1
   5164.010747435271          1
   5165.090376160235          1
   5166.170004885198          1
   5167.249633610161          1
   5168.329262335124          1
   5169.408891060088          1
   5170.488519785051          1
   5171.568148510015          1
   5172.647777234978          1
   5173.727405959941          1
  5174.8070346849045          1
   5175.886663409868          1
   5176.966292134832          1
   5178.045920859795          1
   5179.125549584758          1
   5180.205178309721          1
  5181.2848070346845          1
   5182.364435759649          1
   5183.444064484612          1
   5184.523693209575          1
   5185.603321934538          1
   5186.682950659501          1
   5187.762579384465          1
   5188.842208109429          1
   5189.921836834392          1
   5191.001465559355          1
   5192.081094284318          1
   5193.160723009282          1
   5194.240351734245          1
   5195.319980459209          1
   5196.399609184172          1
   5197.479237909135          1
   5198.558866634099          1
   5199.638495359062          1
  5200.7181240840255          1
   5201.797752808989          1
   5202.877381533952          1
   5203.957010258915          1
   5205.036638983879          1
   5206.116267708842          1
  5207.1958964338055          1
   5208.275525158769          1
   5209.355153883732          1
   5210.434782608696          1
   5211.514411333659          1
   5212.594040058622          1
  5213.6736687835855          1
   5214.753297508549          1
   5215.832926233513          1
   5216.912554958476          1
   5217.992183683439          1
   5219.071812408402          1
   5220.151441133366          1
    5221.23106985833          1
   5222.310698583293          1
   5223.390327308256          1
   5224.469956033219          1
   5225.549584758182          1
   5226.629213483146          1
    5227.70884220811          1
   5228.788470933073          1
   5229.868099658036          1
   5230.947728382999          1
   5232.027357107962          1
  5233.1069858329265          1
    5234.18661455789          1
   5235.266243282853          1
   5236.345872007816          1
   5237.425500732779          1
   5238.505129457743          1
  5239.5847581827065          1
    5240.66438690767          1
   5241.744015632633          1
   5242.823644357596          1
    5243.90327308256          1
   5244.982901807523          1
   5246.062530532487          1
    5247.14215925745          1
   5248.221787982413          1
   5249.301416707376          1
    5250.38104543234          1
   5251.460674157303          1
   5252.540302882267          1
    5253.61993160723          1
   5254.699560332194          1
   5255.779189057157          1
    5256.85881778212          1
   5257.938446507083          1
   5259.018075232047          1
    5260.09770395701          1
   5261.177332681974          1
   5262.256961406937          1
     5263.3365901319          1
   5264.416218856863          1
   5265.495847581827          1
   5266.575476306791          1
   5267.655105031754          1
   5268.734733756717          1
    5269.81436248168          1
  5270.8939912066435          1
   5271.973619931608          1
   5273.053248656571          1
   5274.132877381534          1
   5275.212506106497          1
    5276.29213483146          1
   5277.371763556424          1
   5278.451392281388          1
   5279.531021006351          1
   5280.610649731314          1
   5281.690278456277          1
    5282.76990718124          1
   5283.849535906204          1
   5284.929164631168          1
   5286.008793356131          1
   5287.088422081094          1
   5288.168050806058          1
   5289.247679531021          1
  5290.3273082559845          1
   5291.406936980948          1
   5292.486565705911          1
   5293.566194430874          1
   5294.645823155838          1
   5295.725451880801          1
  5296.8050806057645          1
   5297.884709330728          1
   5298.964338055691          1
   5300.043966780655          1
   5301.123595505618          1
   5302.203224230581          1
  5303.2828529555445          1
   5304.362481680508          1
   5305.442110405471          1
   5306.521739130435          1
   5307.601367855398          1
   5308.680996580361          1
  5309.7606253053245          1
   5310.840254030289          1
   5311.919882755252          1
   5312.999511480215          1
   5314.079140205178          1
   5315.158768930141          1
   5316.238397655105          1
   5317.318026380069          1
   5318.397655105032          1
   5319.477283829995          1
   5320.556912554958          1
   5321.636541279921          1
  5322.7161700048855          1
   5323.795798729849          1
   5324.875427454812          1
   5325.955056179775          1
   5327.034684904738          1
   5328.114313629702          1
  5329.1939423546655          1
   5330.273571079629          1
   5331.353199804592          1
   5332.432828529555          1
   5333.512457254519          1
   5334.592085979482          1
   5335.671714704446          1
   5336.751343429409          1
   5337.830972154372          1
   5338.910600879335          1
   5339.990229604299          1
   5341.069858329262          1
   5342.149487054226          1
   5343.229115779189          1
   5344.308744504153          1
   5345.388373229116          1
   5346.468001954079          1
   5347.547630679042          1
   5348.627259404006          1
   5349.706888128969          1
   5350.786516853933          1
   5351.866145578896          1
   5352.945774303859          1
   5354.025403028822          1
   5355.105031753786          1
    5356.18466047875          1
   5357.264289203713          1
   5358.343917928676          1
   5359.423546653639          1
  5360.5031753786025          1
   5361.582804103566          1
    5362.66243282853          1
   5363.742061553493          1
   5364.821690278456          1
   5365.901319003419          1
   5366.980947728383          1
   5368.060576453347          1
    5369.14020517831          1
   5370.219833903273          1
   5371.299462628236          1
   5372.379091353199          1
   5373.458720078163          1
   5374.538348803127          1
    5375.61797752809          1
   5376.697606253053          1
   5377.777234978016          1
    5378.85686370298          1
   5379.936492427943          1
   5381.016121152907          1
    5382.09574987787          1
   5383.175378602833          1
   5384.255007327797          1
    5385.33463605276          1
  5386.4142647777235          1
   5387.493893502687          1
    5388.57352222765          1
   5389.653150952614          1
   5390.732779677577          1
    5391.81240840254          1
  5392.8920371275035          1
   5393.971665852467          1
    5395.05129457743          1
   5396.130923302394          1
   5397.210552027357          1
    5398.29018075232          1
  5399.3698094772835          1
   5400.449438202248          1
   5401.529066927211          1
   5402.608695652174          1
   5403.688324377137          1
     5404.7679531021          1
   5405.847581827064          1
   5406.927210552028          1
   5408.006839276991          1
   5409.086468001954          1
   5410.166096726917          1
    5411.24572545188          1
  5412.3253541768445          1
   5413.404982901808          1
   5414.484611626771          1
   5415.564240351734          1
   5416.643869076697          1
    5417.72349780166          1
  5418.8031265266245          1
   5419.882755251588          1
   5420.962383976551          1
   5422.042012701514          1
   5423.121641426478          1
   5424.201270151441          1
  5425.2808988764045          1
   5426.360527601368          1
   5427.440156326331          1
   5428.519785051294          1
   5429.599413776258          1
   5430.679042501221          1
   5431.758671226185          1
   5432.838299951148          1
   5433.917928676111          1
   5434.997557401075          1
   5436.077186126038          1
   5437.156814851001          1
   5438.236443575965          1
   5439.316072300928          1
   5440.395701025892          1
   5441.475329750855          1
   5442.554958475818          1
   5443.634587200781          1
   5444.714215925745          1
   5445.793844650709          1
   5446.873473375672          1
   5447.953102100635          1
   5449.032730825598          1
   5450.112359550561          1
   5451.191988275525          1
   5452.271617000489          1
   5453.351245725452          1
   5454.430874450415          1
   5455.510503175378          1
   5456.590131900342          1
   5457.669760625306          1
   5458.749389350269          1
   5459.829018075232          1
   5460.908646800195          1
   5461.988275525158          1
   5463.067904250122          1
   5464.147532975086          1
   5465.227161700049          1
   5466.306790425012          1
   5467.386419149975          1
   5468.466047874939          1
   5469.545676599902          1
   5470.625305324866          1
   5471.704934049829          1
   5472.784562774792          1
   5473.864191499755          1
   5474.943820224719          1
  5476.0234489496825          1
   5477.103077674646          1
   5478.182706399609          1
   5479.262335124573          1
   5480.341963849536          1
   5481.421592574499          1
  5482.5012212994625          1
   5483.580850024426          1
   5484.660478749389          1
   5485.740107474353          1
   5486.819736199316          1
   5487.899364924279          1
  5488.9789936492425          1
   5490.058622374207          1
    5491.13825109917          1
   5492.217879824133          1
   5493.297508549096          1
   5494.377137274059          1
  5495.4567659990225          1
   5496.536394723987          1
    5497.61602344895          1
   5498.695652173913          1
   5499.775280898876          1
   5500.854909623839          1
  5501.9345383488035          1
   5503.014167073767          1
    5504.09379579873          1
   5505.173424523693          1
   5506.253053248656          1
   5507.332681973619          1
  5508.4123106985835          1
   5509.491939423547          1
    5510.57156814851          1
   5511.651196873473          1
   5512.730825598437          1
     5513.8104543234          1
  5514.8900830483635          1
   5515.969711773327          1
    5517.04934049829          1
   5518.128969223253          1
   5519.208597948217          1
    5520.28822667318          1
   5521.367855398144          1
   5522.447484123107          1
    5523.52711284807          1
   5524.606741573034          1
   5525.686370297997          1
    5526.76599902296          1
   5527.845627747924          1
   5528.925256472887          1
    5530.00488519785          1
   5531.084513922814          1
   5532.164142647777          1
    5533.24377137274          1
   5534.323400097704          1
   5535.403028822668          1
   5536.482657547631          1
   5537.562286272594          1
   5538.641914997557          1
    5539.72154372252          1
   5540.801172447484          1
   5541.880801172448          1
   5542.960429897411          1
   5544.040058622374          1
   5545.119687347337          1
   5546.199316072301          1
   5547.278944797265          1
   5548.358573522228          1
   5549.438202247191          1
   5550.517830972154          1
   5551.597459697117          1
   5552.677088422081          1
   5553.756717147045          1
   5554.836345872008          1
   5555.915974596971          1
   5556.995603321934          1
   5558.075232046898          1
   5559.154860771861          1
   5560.234489496825          1
   5561.314118221788          1
   5562.393746946751          1
   5563.473375671714          1
   5564.553004396678          1
   5565.632633121641          1
   5566.712261846605          1
   5567.791890571568          1
   5568.871519296532          1
   5569.951148021495          1
   5571.030776746458          1
  5572.1104054714215          1
   5573.190034196385          1
   5574.269662921348          1
   5575.349291646312          1
   5576.428920371275          1
   5577.508549096238          1
  5578.5881778212015          1
   5579.667806546165          1
   5580.747435271129          1
   5581.827063996092          1
   5582.906692721055          1
   5583.986321446018          1
  5585.0659501709815          1
   5586.145578895945          1
   5587.225207620909          1
   5588.304836345872          1
   5589.384465070835          1
   5590.464093795798          1
  5591.5437225207625          1
   5592.623351245726          1
   5593.702979970689          1
   5594.782608695652          1
   5595.862237420615          1
   5596.941866145578          1
  5598.0214948705425          1
   5599.101123595506          1
   5600.180752320469          1
   5601.260381045432          1
   5602.340009770396          1
   5603.419638495359          1
  5604.4992672203225          1
   5605.578895945286          1
   5606.658524670249          1
   5607.738153395212          1
   5608.817782120176          1
   5609.897410845139          1
  5610.9770395701025          1
   5612.056668295066          1
   5613.136297020029          1
   5614.215925744993          1
   5615.295554469956          1
   5616.375183194919          1
   5617.454811919883          1
   5618.534440644846          1
   5619.614069369809          1
   5620.693698094773          1
   5621.773326819736          1
   5622.852955544699          1
   5623.932584269663          1
   5625.012212994627          1
    5626.09184171959          1
   5627.171470444553          1
   5628.251099169516          1
   5629.330727894479          1
   5630.410356619443          1
   5631.489985344407          1
    5632.56961406937          1
   5633.649242794333          1
   5634.728871519296          1
   5635.808500244259          1
  5636.8881289692235          1
   5637.967757694187          1
    5639.04738641915          1
   5640.127015144113          1
   5641.206643869076          1
    5642.28627259404          1
   5643.365901319004          1
   5644.445530043967          1
    5645.52515876893          1
   5646.604787493893          1
   5647.684416218857          1
    5648.76404494382          1
   5649.843673668784          1
   5650.923302393747          1
    5652.00293111871          1
   5653.082559843673          1
   5654.162188568637          1
     5655.2418172936          1
   5656.321446018564          1
   5657.401074743527          1
   5658.480703468491          1
   5659.560332193454          1
   5660.639960918417          1
  5661.7195896433805          1
   5662.799218368344          1
   5663.878847093307          1
   5664.958475818271          1
   5666.038104543234          1
   5667.117733268197          1
  5668.1973619931605          1
   5669.276990718124          1
   5670.356619443088          1
   5671.436248168051          1
   5672.515876893014          1
   5673.595505617977          1
  5674.6751343429405          1
   5675.754763067904          1
   5676.834391792868          1
   5677.914020517831          1
   5678.993649242794          1
   5680.073277967757          1
   5681.152906692721          1
   5682.232535417685          1
   5683.312164142648          1
   5684.391792867611          1
   5685.471421592574          1
   5686.551050317537          1
  5687.6306790425015          1
   5688.710307767465          1
   5689.789936492428          1
   5690.869565217391          1
   5691.949193942354          1
   5693.028822667318          1
  5694.1084513922815          1
   5695.188080117245          1
   5696.267708842208          1
   5697.347337567171          1
   5698.426966292135          1
   5699.506595017098          1
  5700.5862237420615          1
   5701.665852467025          1
   5702.745481191988          1
   5703.825109916952          1
   5704.904738641915          1
   5705.984367366878          1
   5707.063996091842          1
   5708.143624816805          1
   5709.223253541768          1
   5710.302882266732          1
   5711.382510991695          1
   5712.462139716658          1
   5713.541768441622          1
   5714.621397166586          1
   5715.701025891549          1
   5716.780654616512          1
   5717.860283341475          1
   5718.939912066438          1
   5720.019540791402          1
   5721.099169516366          1
   5722.178798241329          1
   5723.258426966292          1
   5724.338055691255          1
   5725.417684416218          1
  5726.4973131411825          1
   5727.576941866146          1
   5728.656570591109          1
   5729.736199316072          1
   5730.815828041035          1
  5731.8954567659985          1
   5732.975085490963          1
   5734.054714215926          1
   5735.134342940889          1
   5736.213971665852          1
   5737.293600390816          1
   5738.373229115779          1
   5739.452857840743          1
   5740.532486565706          1
   5741.612115290669          1
   5742.691744015632          1
   5743.771372740596          1
   5744.851001465559          1
   5745.930630190523          1
   5747.010258915486          1
   5748.089887640449          1
   5749.169516365413          1
   5750.249145090376          1
   5751.328773815339          1
   5752.408402540303          1
   5753.488031265266          1
   5754.567659990229          1
   5755.647288715193          1
   5756.726917440156          1
  5757.8065461651195          1
   5758.886174890083          1
   5759.965803615047          1
    5761.04543234001          1
   5762.125061064973          1
   5763.204689789936          1
  5764.2843185148995          1
   5765.363947239863          1
   5766.443575964827          1
    5767.52320468979          1
   5768.602833414753          1
   5769.682462139716          1
    5770.76209086468          1
   5771.841719589644          1
   5772.921348314607          1
    5774.00097703957          1
   5775.080605764533          1
   5776.160234489496          1
    5777.23986321446          1
   5778.319491939424          1
   5779.399120664387          1
    5780.47874938935          1
   5781.558378114314          1
   5782.638006839277          1
  5783.7176355642405          1
   5784.797264289204          1
   5785.876893014167          1
    5786.95652173913          1
   5788.036150464093          1
   5789.115779189057          1
  5790.1954079140205          1
   5791.275036638984          1
   5792.354665363947          1
   5793.434294088911          1
   5794.513922813874          1
   5795.593551538837          1
  5796.6731802638005          1
   5797.752808988764          1
   5798.832437713727          1
   5799.912066438691          1
   5800.991695163654          1
   5802.071323888617          1
   5803.150952613581          1
   5804.230581338545          1
   5805.310210063508          1
   5806.389838788471          1
   5807.469467513434          1
   5808.549096238397          1
   5809.628724963361          1
   5810.708353688324          1
   5811.787982413288          1
   5812.867611138251          1
   5813.947239863214          1
   5815.026868588177          1
  5816.1064973131415          1
   5817.186126038105          1
   5818.265754763068          1
   5819.345383488031          1
   5820.425012212994          1
   5821.504640937957          1
  5822.5842696629215          1
   5823.663898387885          1
   5824.743527112848          1
   5825.823155837811          1
   5826.902784562775          1
   5827.982413287738          1
   5829.062042012702          1
   5830.141670737665          1
   5831.221299462628          1
   5832.300928187591          1
   5833.380556912554          1
   5834.460185637518          1
   5835.539814362482          1
   5836.619443087445          1
   5837.699071812409          1
   5838.778700537372          1
   5839.858329262335          1
   5840.937957987298          1
   5842.017586712262          1
   5843.097215437225          1
   5844.176844162188          1
   5845.256472887152          1
   5846.336101612115          1
  5847.4157303370785          1
   5848.495359062042          1
   5849.574987787006          1
   5850.654616511969          1
   5851.734245236932          1
   5852.813873961895          1
  5853.8935026868585          1
   5854.973131411822          1
   5856.052760136786          1
   5857.132388861749          1
   5858.212017586712          1
   5859.291646311675          1
   5860.371275036639          1
   5861.450903761603          1
   5862.530532486566          1
   5863.610161211529          1
   5864.689789936492          1
   5865.769418661455          1
  5866.8490473864185          1
   5867.928676111383          1
   5869.008304836346          1
   5870.087933561309          1
   5871.167562286272          1
   5872.247191011236          1
  5873.3268197361995          1
   5874.406448461163          1
   5875.486077186126          1
   5876.565705911089          1
   5877.645334636052          1
   5878.724963361016          1
  5879.8045920859795          1
   5880.884220810943          1
   5881.963849535906          1
    5883.04347826087          1
   5884.123106985833          1
   5885.202735710796          1
  5886.2823644357595          1
   5887.361993160723          1
   5888.441621885686          1
   5889.521250610649          1
   5890.600879335613          1
   5891.680508060576          1
  5892.7601367855395          1
   5893.839765510504          1
   5894.919394235467          1
    5895.99902296043          1
   5897.078651685393          1
   5898.158280410356          1
    5899.23790913532          1
   5900.317537860283          1
   5901.397166585247          1
    5902.47679531021          1
   5903.556424035173          1
   5904.636052760136          1
  5905.7156814851005          1
   5906.795310210064          1
   5907.874938935027          1
    5908.95456765999          1
   5910.034196384953          1
   5911.113825109916          1
  5912.1934538348805          1
   5913.273082559844          1
   5914.352711284807          1
    5915.43234000977          1
   5916.511968734734          1
   5917.591597459697          1
   5918.671226184661          1
   5919.750854909624          1
   5920.830483634587          1
    5921.91011235955          1
   5922.989741084513          1
   5924.069369809477          1
   5925.148998534441          1
   5926.228627259404          1
   5927.308255984367          1
   5928.387884709331          1
   5929.467513434294          1
   5930.547142159257          1
   5931.626770884221          1
   5932.706399609184          1
   5933.786028334147          1
   5934.865657059111          1
   5935.945285784074          1
   5937.024914509037          1
   5938.104543234001          1
   5939.184171958965          1
   5940.263800683928          1
   5941.343429408891          1
   5942.423058133854          1
  5943.5026868588175          1
   5944.582315583781          1
   5945.661944308744          1
   5946.741573033708          1
   5947.821201758671          1
   5948.900830483634          1
   5949.980459208598          1
   5951.060087933562          1
   5952.139716658525          1
   5953.219345383488          1
   5954.298974108451          1
   5955.378602833414          1
  5956.4582315583775          1
   5957.537860283342          1
   5958.617489008305          1
   5959.697117733268          1
   5960.776746458231          1
   5961.856375183195          1
   5962.936003908158          1
   5964.015632633122          1
   5965.095261358085          1
   5966.174890083048          1
   5967.254518808011          1
   5968.334147532975          1
  5969.4137762579385          1
   5970.493404982902          1
   5971.573033707865          1
   5972.652662432829          1
   5973.732291157792          1
   5974.811919882755          1
  5975.8915486077185          1
   5976.971177332682          1
   5978.050806057645          1
   5979.130434782608          1
   5980.210063507572          1
   5981.289692232535          1
  5982.3693209574985          1
   5983.448949682462          1
   5984.528578407426          1
   5985.608207132389          1
   5986.687835857352          1
   5987.767464582315          1
   5988.847093307279          1
   5989.926722032242          1
   5991.006350757206          1
   5992.085979482169          1
   5993.165608207132          1
   5994.245236932095          1
  5995.3248656570595          1
   5996.404494382023          1
   5997.484123106986          1
   5998.563751831949          1
   5999.643380556912          1
   6000.723009281875          1
  6001.8026380068395          1
   6002.882266731803          1
   6003.961895456766          1
   6005.041524181729          1
   6006.121152906693          1
   6007.200781631656          1
  6008.2804103566195          1
   6009.360039081583          1
   6010.439667806546          1
   6011.519296531509          1
   6012.598925256472          1
   6013.678553981436          1
     6014.7581827064          1
   6015.837811431363          1
   6016.917440156326          1
    6017.99706888129          1
   6019.076697606253          1
   6020.156326331216          1
    6021.23595505618          1
   6022.315583781143          1
   6023.395212506106          1
    6024.47484123107          1
   6025.554469956033          1
   6026.634098680996          1
    6027.71372740596          1
   6028.793356130924          1
   6029.872984855887          1
    6030.95261358085          1
   6032.032242305813          1
  6033.1118710307765          1
    6034.19149975574          1
   6035.271128480703          1
   6036.350757205667          1
    6037.43038593063          1
   6038.510014655593          1
  6039.5896433805565          1
   6040.669272105521          1
   6041.748900830484          1
   6042.828529555447          1
    6043.90815828041          1
   6044.987787005373          1
  6046.0674157303365          1
   6047.147044455301          1
   6048.226673180264          1
   6049.306301905227          1
    6050.38593063019          1
   6051.465559355154          1
   6052.545188080117          1
   6053.624816805081          1
   6054.704445530044          1
   6055.784074255007          1
    6056.86370297997          1
   6057.943331704934          1
  6059.0229604298975          1
   6060.102589154861          1
   6061.182217879824          1
   6062.261846604788          1
   6063.341475329751          1
   6064.421104054714          1
  6065.5007327796775          1
   6066.580361504641          1
   6067.659990229604          1
   6068.739618954567          1
   6069.819247679531          1
   6070.898876404494          1
  6071.9785051294575          1
   6073.058133854421          1
   6074.137762579385          1
   6075.217391304348          1
   6076.297020029311          1
   6077.376648754274          1
  6078.4562774792375          1
   6079.535906204201          1
   6080.615534929165          1
   6081.695163654128          1
   6082.774792379091          1
   6083.854421104054          1
  6084.9340498290185          1
   6086.013678553982          1
   6087.093307278945          1
   6088.172936003908          1
   6089.252564728871          1
   6090.332193453834          1
   6091.411822178798          1
   6092.491450903762          1
   6093.571079628725          1
   6094.650708353688          1
   6095.730337078651          1
   6096.809965803615          1
  6097.8895945285785          1
   6098.969223253542          1
   6100.048851978505          1
   6101.128480703468          1
   6102.208109428431          1
   6103.287738153395          1
   6104.367366878359          1
   6105.446995603322          1
   6106.526624328285          1
   6107.606253053249          1
   6108.685881778212          1
   6109.765510503175          1
   6110.845139228139          1
   6111.924767953102          1
   6113.004396678065          1
   6114.084025403029          1
   6115.163654127992          1
   6116.243282852955          1
   6117.322911577919          1
   6118.402540302883          1
   6119.482169027846          1
   6120.561797752809          1
   6121.641426477772          1
   6122.721055202735          1
   6123.800683927699          1
   6124.880312652662          1
   6125.959941377626          1
   6127.039570102589          1
   6128.119198827552          1
  6129.1988275525155          1
    6130.27845627748          1
   6131.358085002443          1
   6132.437713727406          1
   6133.517342452369          1
   6134.596971177332          1
  6135.6765999022955          1
    6136.75622862726          1
   6137.835857352223          1
   6138.915486077186          1
   6139.995114802149          1
   6141.074743527113          1
   6142.154372252076          1
    6143.23400097704          1
   6144.313629702003          1
   6145.393258426966          1
   6146.472887151929          1
   6147.552515876892          1
   6148.632144601856          1
    6149.71177332682          1
   6150.791402051783          1
   6151.871030776746          1
    6152.95065950171          1
   6154.030288226673          1
  6155.1099169516365          1
     6156.1895456766          1
   6157.269174401563          1
   6158.348803126526          1
    6159.42843185149          1
   6160.508060576453          1
  6161.5876893014165          1
    6162.66731802638          1
   6163.746946751344          1
   6164.826575476307          1
    6165.90620420127          1
   6166.985832926233          1
  6168.0654616511965          1
    6169.14509037616          1
   6170.224719101124          1
   6171.304347826087          1
    6172.38397655105          1
   6173.463605276013          1
  6174.5432340009775          1
   6175.622862725941          1
   6176.702491450904          1
   6177.782120175867          1
    6178.86174890083          1
   6179.941377625793          1
   6181.021006350757          1
   6182.100635075721          1
   6183.180263800684          1
   6184.259892525647          1
    6185.33952125061          1
   6186.419149975574          1
  6187.4987787005375          1
   6188.578407425501          1
   6189.658036150464          1
   6190.737664875427          1
    6191.81729360039          1
   6192.896922325354          1
  6193.9765510503175          1
   6195.056179775281          1
   6196.135808500244          1
   6197.215437225208          1
   6198.295065950171          1
   6199.374694675134          1
   6200.454323400098          1
   6201.533952125061          1
   6202.613580850024          1
   6203.693209574987          1
   6204.772838299951          1
   6205.852467024914          1
   6206.932095749878          1
   6208.011724474841          1
   6209.091353199805          1
   6210.170981924768          1
   6211.250610649731          1
   6212.330239374694          1
   6213.409868099658          1
   6214.489496824621          1
   6215.569125549585          1
   6216.648754274548          1
   6217.728382999511          1
   6218.808011724474          1
   6219.887640449439          1
   6220.967269174402          1
   6222.046897899365          1
   6223.126526624328          1
   6224.206155349291          1
  6225.2857840742545          1
   6226.365412799219          1
   6227.445041524182          1
   6228.524670249145          1
   6229.604298974108          1
   6230.683927699072          1
   6231.763556424035          1
   6232.843185148999          1
   6233.922813873962          1
   6235.002442598925          1
   6236.082071323888          1
   6237.161700048851          1
   6238.241328773815          1
   6239.320957498779          1
   6240.400586223742          1
   6241.480214948705          1
   6242.559843673669          1
   6243.639472398632          1
  6244.7191011235955          1
   6245.798729848559          1
   6246.878358573522          1
   6247.957987298485          1
   6249.037616023449          1
   6250.117244748412          1
  6251.1968734733755          1
   6252.276502198339          1
   6253.356130923303          1
   6254.435759648266          1
   6255.515388373229          1
   6256.595017098192          1
  6257.6746458231555          1
   6258.754274548119          1
   6259.833903273082          1
   6260.913531998046          1
   6261.993160723009          1
   6263.072789447972          1
   6264.152418172936          1
     6265.2320468979          1
   6266.311675622863          1
   6267.391304347826          1
   6268.470933072789          1
   6269.550561797752          1
   6270.630190522716          1
    6271.70981924768          1
   6272.789447972643          1
   6273.869076697606          1
   6274.948705422569          1
   6276.028334147533          1
  6277.1079628724965          1
    6278.18759159746          1
   6279.267220322423          1
   6280.346849047386          1
   6281.426477772349          1
   6282.506106497313          1
  6283.5857352222765          1
    6284.66536394724          1
   6285.744992672203          1
   6286.824621397167          1
    6287.90425012213          1
   6288.983878847093          1
   6290.063507572057          1
    6291.14313629702          1
   6292.222765021983          1
   6293.302393746946          1
    6294.38202247191          1
   6295.461651196873          1
   6296.541279921837          1
     6297.6209086468          1
   6298.700537371764          1
   6299.780166096727          1
    6300.85979482169          1
   6301.939423546653          1
   6303.019052271617          1
    6304.09868099658          1
   6305.178309721544          1
   6306.257938446507          1
    6307.33756717147          1
   6308.417195896433          1
  6309.4968246213975          1
   6310.576453346361          1
   6311.656082071324          1
   6312.735710796287          1
    6313.81533952125          1
  6314.8949682462135          1
   6315.974596971177          1
   6317.054225696141          1
   6318.133854421104          1
   6319.213483146067          1
   6320.293111871031          1
   6321.372740595994          1
   6322.452369320958          1
   6323.531998045921          1
   6324.611626770884          1
   6325.691255495847          1
    6326.77088422081          1
   6327.850512945774          1
   6328.930141670738          1
   6330.009770395701          1
   6331.089399120664          1
   6332.169027845628          1
   6333.248656570591          1
   6334.328285295554          1
   6335.407914020518          1
   6336.487542745481          1
   6337.567171470444          1
   6338.646800195408          1
   6339.726428920371          1
  6340.8060576453345          1
   6341.885686370298          1
   6342.965315095262          1
   6344.044943820225          1
   6345.124572545188          1
   6346.204201270151          1
  6347.2838299951145          1
   6348.363458720078          1
   6349.443087445041          1
   6350.522716170005          1
   6351.602344894968          1
   6352.681973619931          1
  6353.7616023448945          1
   6354.841231069859          1
   6355.920859794822          1
   6357.000488519785          1
   6358.080117244748          1
   6359.159745969711          1
   6360.239374694675          1
   6361.319003419639          1
   6362.398632144602          1
   6363.478260869565          1
   6364.557889594528          1
   6365.637518319492          1
  6366.7171470444555          1
   6367.796775769419          1
   6368.876404494382          1
   6369.956033219345          1
   6371.035661944308          1
   6372.115290669271          1
  6373.1949193942355          1
   6374.274548119199          1
   6375.354176844162          1
   6376.433805569126          1
   6377.513434294089          1
   6378.593063019052          1
  6379.6726917440155          1
   6380.752320468979          1
   6381.831949193942          1
   6382.911577918905          1
   6383.991206643869          1
   6385.070835368832          1
   6386.150464093796          1
   6387.230092818759          1
   6388.309721543723          1
   6389.389350268686          1
   6390.468978993649          1
   6391.548607718612          1
   6392.628236443576          1
   6393.707865168539          1
   6394.787493893503          1
   6395.867122618466          1
   6396.946751343429          1
   6398.026380068392          1
  6399.1060087933565          1
    6400.18563751832          1
   6401.265266243283          1
   6402.344894968246          1
   6403.424523693209          1
   6404.504152418172          1
   6405.583781143136          1
     6406.6634098681          1
   6407.743038593063          1
   6408.822667318026          1
   6409.902296042989          1
   6410.981924767953          1
   6412.061553492917          1
    6413.14118221788          1
   6414.220810942843          1
   6415.300439667806          1
   6416.380068392769          1
   6417.459697117733          1
   6418.539325842697          1
    6419.61895456766          1
   6420.698583292623          1
   6421.778212017587          1
    6422.85784074255          1
   6423.937469467513          1
   6425.017098192477          1
    6426.09672691744          1
   6427.176355642403          1
   6428.255984367366          1
    6429.33561309233          1
  6430.4152418172935          1
   6431.494870542257          1
   6432.574499267221          1
   6433.654127992184          1
   6434.733756717147          1
    6435.81338544211          1
  6436.8930141670735          1
   6437.972642892037          1
      6439.052271617          1
   6440.131900341964          1
   6441.211529066927          1
    6442.29115779189          1
  6443.3707865168535          1
   6444.450415241818          1
   6445.530043966781          1
   6446.609672691744          1
   6447.689301416707          1
    6448.76893014167          1
  6449.8485588666335          1
   6450.928187591598          1
   6452.007816316561          1
   6453.087445041524          1
   6454.167073766487          1
   6455.246702491451          1
  6456.3263312164145          1
   6457.405959941378          1
   6458.485588666341          1
   6459.565217391304          1
   6460.644846116267          1
    6461.72447484123          1
  6462.8041035661945          1
   6463.883732291158          1
   6464.963361016121          1
   6466.042989741084          1
   6467.122618466048          1
   6468.202247191011          1
  6469.2818759159745          1
   6470.361504640938          1
   6471.441133365901          1
   6472.520762090864          1
   6473.600390815828          1
   6474.680019540791          1
   6475.759648265755          1
   6476.839276990718          1
   6477.918905715682          1
   6478.998534440645          1
   6480.078163165608          1
   6481.157791890571          1
   6482.237420615535          1
   6483.317049340498          1
   6484.396678065461          1
   6485.476306790425          1
   6486.555935515388          1
   6487.635564240351          1
  6488.7151929653155          1
   6489.794821690279          1
   6490.874450415242          1
   6491.954079140205          1
   6493.033707865168          1
   6494.113336590131          1
   6495.192965315095          1
   6496.272594040059          1
   6497.352222765022          1
   6498.431851489985          1
   6499.511480214948          1
   6500.591108939912          1
   6501.670737664876          1
   6502.750366389839          1
   6503.829995114802          1
   6504.909623839765          1
   6505.989252564728          1
   6507.068881289692          1
   6508.148510014656          1
   6509.228138739619          1
   6510.307767464582          1
   6511.387396189546          1
   6512.467024914509          1
   6513.546653639472          1
   6514.626282364436          1
   6515.705911089399          1
   6516.785539814362          1
   6517.865168539325          1
   6518.944797264289          1
   6520.024425989252          1
   6521.104054714216          1
   6522.183683439179          1
   6523.263312164143          1
   6524.342940889106          1
   6525.422569614069          1
  6526.5021983390325          1
   6527.581827063996          1
   6528.661455788959          1
   6529.741084513923          1
   6530.820713238886          1
   6531.900341963849          1
  6532.9799706888125          1
   6534.059599413777          1
    6535.13922813874          1
   6536.218856863703          1
   6537.298485588666          1
   6538.378114313629          1
  6539.4577430385925          1
   6540.537371763557          1
    6541.61700048852          1
   6542.696629213483          1
   6543.776257938446          1
    6544.85588666341          1
  6545.9355153883735          1
   6547.015144113337          1
     6548.0947728383          1
   6549.174401563263          1
   6550.254030288226          1
   6551.333659013189          1
  6552.4132877381535          1
   6553.492916463117          1
    6554.57254518808          1
   6555.652173913043          1
   6556.731802638007          1
    6557.81143136297          1
  6558.8910600879335          1
   6559.970688812897          1
    6561.05031753786          1
   6562.129946262823          1
   6563.209574987787          1
    6564.28920371275          1
  6565.3688324377135          1
   6566.448461162677          1
   6567.528089887641          1
   6568.607718612604          1
   6569.687347337567          1
    6570.76697606253          1
   6571.846604787494          1
   6572.926233512457          1
    6574.00586223742          1
   6575.085490962384          1
   6576.165119687347          1
    6577.24474841231          1
   6578.324377137274          1
   6579.404005862238          1
   6580.483634587201          1
   6581.563263312164          1
   6582.642892037127          1
    6583.72252076209          1
   6584.802149487054          1
   6585.881778212018          1
   6586.961406936981          1
   6588.041035661944          1
   6589.120664386907          1
   6590.200293111871          1
   6591.279921836835          1
   6592.359550561798          1
   6593.439179286761          1
   6594.518808011724          1
   6595.598436736687          1
   6596.678065461651          1
   6597.757694186615          1
   6598.837322911578          1
   6599.916951636541          1
   6600.996580361505          1
   6602.076209086468          1
   6603.155837811431          1
   6604.235466536395          1
   6605.315095261358          1
   6606.394723986321          1
   6607.474352711284          1
   6608.553981436248          1
   6609.633610161211          1
   6610.713238886175          1
   6611.792867611138          1
   6612.872496336102          1
   6613.952125061065          1
   6615.031753786028          1
  6616.1113825109915          1
   6617.191011235955          1
   6618.270639960918          1
   6619.350268685882          1
   6620.429897410845          1
   6621.509526135808          1
  6622.5891548607715          1
   6623.668783585736          1
   6624.748412310699          1
   6625.828041035662          1
   6626.907669760625          1
   6627.987298485588          1
  6629.0669272105515          1
   6630.146555935515          1
   6631.226184660479          1
   6632.305813385442          1
   6633.385442110405          1
   6634.465070835368          1
   6635.544699560332          1
   6636.624328285296          1
   6637.703957010259          1
   6638.783585735222          1
   6639.863214460185          1
   6640.942843185148          1
  6642.0224719101125          1
   6643.102100635076          1
   6644.181729360039          1
   6645.261358085002          1
   6646.340986809966          1
   6647.420615534929          1
  6648.5002442598925          1
   6649.579872984856          1
   6650.659501709819          1
   6651.739130434782          1
   6652.818759159746          1
   6653.898387884709          1
  6654.9780166096725          1
   6656.057645334636          1
     6657.1372740596          1
   6658.216902784563          1
   6659.296531509526          1
   6660.376160234489          1
   6661.455788959453          1
   6662.535417684416          1
   6663.615046409379          1
   6664.694675134343          1
   6665.774303859306          1
   6666.853932584269          1
   6667.933561309233          1
   6669.013190034197          1
    6670.09281875916          1
   6671.172447484123          1
   6672.252076209086          1
   6673.331704934049          1
   6674.411333659013          1
   6675.490962383977          1
    6676.57059110894          1
   6677.650219833903          1
   6678.729848558866          1
    6679.80947728383          1
  6680.8891060087935          1
   6681.968734733757          1
    6683.04836345872          1
   6684.127992183683          1
   6685.207620908646          1
  6686.2872496336095          1
   6687.366878358574          1
   6688.446507083537          1
     6689.5261358085          1
   6690.605764533463          1
   6691.685393258427          1
    6692.76502198339          1
   6693.844650708354          1
   6694.924279433317          1
    6696.00390815828          1
   6697.083536883243          1
   6698.163165608207          1
    6699.24279433317          1
   6700.322423058134          1
   6701.402051783097          1
   6702.481680508061          1
   6703.561309233024          1
   6704.640937957987          1
    6705.72056668295          1
   6706.800195407914          1
   6707.879824132877          1
   6708.959452857841          1
   6710.039081582804          1
   6711.118710307767          1
  6712.1983390327305          1
   6713.277967757695          1
   6714.357596482658          1
   6715.437225207621          1
   6716.516853932584          1
   6717.596482657547          1
  6718.6761113825105          1
   6719.755740107474          1
   6720.835368832438          1
   6721.914997557401          1
   6722.994626282364          1
   6724.074255007327          1
   6725.153883732291          1
   6726.233512457255          1
   6727.313141182218          1
   6728.392769907181          1
   6729.472398632144          1
   6730.552027357107          1
  6731.6316560820715          1
   6732.711284807035          1
   6733.790913531998          1
   6734.870542256961          1
   6735.950170981925          1
   6737.029799706888          1
  6738.1094284318515          1
   6739.189057156815          1
   6740.268685881778          1
   6741.348314606741          1
   6742.427943331704          1
   6743.507572056668          1
  6744.5872007816315          1
   6745.666829506595          1
   6746.746458231558          1
   6747.826086956522          1
   6748.905715681485          1
   6749.985344406448          1
  6751.0649731314115          1
   6752.144601856375          1
   6753.224230581338          1
   6754.303859306302          1
   6755.383488031265          1
   6756.463116756228          1
   6757.542745481192          1
   6758.622374206156          1
   6759.702002931119          1
   6760.781631656082          1
   6761.861260381045          1
   6762.940889106008          1
   6764.020517830972          1
   6765.100146555936          1
   6766.179775280899          1
   6767.259404005862          1
   6768.339032730825          1
   6769.418661455789          1
  6770.4982901807525          1
   6771.577918905716          1
   6772.657547630679          1
   6773.737176355642          1
   6774.816805080605          1
   6775.896433805568          1
  6776.9760625305325          1
   6778.055691255496          1
   6779.135319980459          1
   6780.214948705423          1
   6781.294577430386          1
   6782.374206155349          1
   6783.453834880313          1
   6784.533463605276          1
   6785.613092330239          1
   6786.692721055202          1
   6787.772349780165          1
   6788.851978505129          1
   6789.931607230093          1
   6791.011235955057          1
    6792.09086468002          1
   6793.170493404983          1
   6794.250122129946          1
   6795.329750854909          1
   6796.409379579873          1
   6797.489008304836          1
   6798.568637029799          1
   6799.648265754763          1
   6800.727894479726          1
  6801.8075232046895          1
   6802.887151929654          1
   6803.966780654617          1
    6805.04640937958          1
   6806.126038104543          1
   6807.205666829506          1
  6808.2852955544695          1
   6809.364924279433          1
   6810.444553004396          1
    6811.52418172936          1
   6812.603810454323          1
   6813.683439179287          1
    6814.76306790425          1
   6815.842696629214          1
   6816.922325354177          1
    6818.00195407914          1
   6819.081582804103          1
   6820.161211529066          1
  6821.2408402540295          1
   6822.320468978994          1
   6823.400097703957          1
    6824.47972642892          1
   6825.559355153884          1
   6826.638983878847          1
  6827.7186126038105          1
   6828.798241328774          1
   6829.877870053737          1
     6830.9574987787          1
   6832.037127503663          1
   6833.116756228627          1
  6834.1963849535905          1
   6835.276013678554          1
   6836.355642403518          1
   6837.435271128481          1
   6838.514899853444          1
   6839.594528578407          1
  6840.6741573033705          1
   6841.753786028334          1
   6842.833414753297          1
    6843.91304347826          1
   6844.992672203224          1
   6846.072300928187          1
  6847.1519296531515          1
   6848.231558378115          1
   6849.311187103078          1
   6850.390815828041          1
   6851.470444553004          1
   6852.550073277967          1
   6853.629702002931          1
   6854.709330727894          1
   6855.788959452858          1
   6856.868588177821          1
   6857.948216902784          1
   6859.027845627748          1
  6860.1074743527115          1
   6861.187103077675          1
   6862.266731802638          1
   6863.346360527601          1
   6864.425989252564          1
   6865.505617977527          1
   6866.585246702491          1
   6867.664875427455          1
   6868.744504152418          1
   6869.824132877382          1
   6870.903761602345          1
   6871.983390327308          1
   6873.063019052272          1
   6874.142647777235          1
   6875.222276502198          1
   6876.301905227161          1
   6877.381533952124          1
   6878.461162677088          1
   6879.540791402052          1
   6880.620420127015          1
   6881.700048851979          1
   6882.779677576942          1
   6883.859306301905          1
   6884.938935026868          1
   6886.018563751832          1
   6887.098192476795          1
   6888.177821201758          1
   6889.257449926722          1
   6890.337078651685          1
   6891.416707376648          1
  6892.4963361016125          1
   6893.575964826576          1
   6894.655593551539          1
   6895.735222276502          1
   6896.814851001465          1
  6897.8944797264285          1
   6898.974108451392          1
   6900.053737176355          1
   6901.133365901319          1
   6902.212994626282          1
   6903.292623351246          1
   6904.372252076209          1
   6905.451880801173          1
   6906.531509526136          1
   6907.611138251099          1
   6908.690766976062          1
   6909.770395701025          1
  6910.8500244259885          1
   6911.929653150953          1
   6913.009281875916          1
   6914.088910600879          1
   6915.168539325843          1
   6916.248168050806          1
  6917.3277967757695          1
   6918.407425500733          1
   6919.487054225696          1
   6920.566682950659          1
   6921.646311675622          1
   6922.725940400585          1
  6923.8055691255495          1
   6924.885197850513          1
   6925.964826575477          1
    6927.04445530044          1
   6928.124084025403          1
   6929.203712750366          1
  6930.2833414753295          1
   6931.362970200293          1
   6932.442598925256          1
   6933.522227650219          1
   6934.601856375183          1
   6935.681485100146          1
  6936.7611138251095          1
   6937.840742550074          1
   6938.920371275037          1
              6940.0          1
