rectified_wavelength throughput
-------------------- ----------
              3570.0          1
   3571.094284318515          1
  3572.1885686370297          1
  3573.2828529555445          1
    3574.37713727406          1
  3575.4714215925746          1
  3576.5657059110895          1
  3577.6599902296043          1
   3578.754274548119          1
   3579.848558866634          1
   3580.942843185149          1
   3582.037127503664          1
   3583.131411822179          1
   3584.225696140694          1
  3585.3199804592086          1
  3586.4142647777235          1
  3587.5085490962383          1
   3588.602833414753          1
   3589.697117733268          1
  3590.7914020517833          1
   3591.885686370298          1
   3592.979970688813          1
   3594.074255007328          1
  3595.1685393258426          1
  3596.2628236443575          1
  3597.3571079628723          1
  3598.4513922813876          1
  3599.5456765999024          1
  3600.6399609184173          1
   3601.734245236932          1
   3602.828529555447          1
   3603.922813873962          1
  3605.0170981924766          1
   3606.111382510992          1
  3607.2056668295068          1
  3608.2999511480216          1
  3609.3942354665364          1
  3610.4885197850513          1
   3611.582804103566          1
   3612.677088422081          1
   3613.771372740596          1
   3614.865657059111          1
   3615.959941377626          1
  3617.0542256961407          1
  3618.1485100146556          1
  3619.2427943331704          1
  3620.3370786516853          1
     3621.4313629702          1
  3622.5256472887154          1
  3623.6199316072302          1
   3624.714215925745          1
    3625.80850024426          1
  3626.9027845627747          1
  3627.9970688812896          1
  3629.0913531998044          1
  3630.1856375183197          1
  3631.2799218368345          1
  3632.3742061553494          1
   3633.468490473864          1
   3634.562774792379          1
   3635.657059110894          1
  3636.7513434294087          1
  3637.8456277479236          1
   3638.939912066439          1
  3640.0341963849537          1
  3641.1284807034685          1
  3642.2227650219834          1
   3643.317049340498          1
   3644.411333659013          1
   3645.505617977528          1
   3646.599902296043          1
   3647.694186614558          1
   3648.788470933073          1
  3649.8827552515877          1
  3650.9770395701025          1
  3652.0713238886174          1
   3653.165608207132          1
  3654.2598925256475          1
  3655.3541768441623          1
   3656.448461162677          1
   3657.542745481192          1
   3658.637029799707          1
  3659.7313141182217          1
  3660.8255984367365          1
   3661.919882755252          1
  3663.0141670737667          1
  3664.1084513922815          1
  3665.2027357107963          1
   3666.297020029311          1
   3667.391304347826          1
   3668.485588666341          1
  3669.5798729848557          1
   3670.674157303371          1
   3671.768441621886          1
  3672.8627259404007          1
  3673.9570102589155          1
  3675.0512945774303          1
   3676.145578895945          1
    3677.23986321446          1
  3678.3341475329753          1
    3679.42843185149          1
   3680.522716170005          1
    3681.61700048852          1
  3682.7112848070346          1
  3683.8055691255495          1
  3684.8998534440643          1
   3685.994137762579          1
  3687.0884220810944          1
  3688.1827063996093          1
   3689.276990718124          1
   3690.371275036639          1
   3691.465559355154          1
  3692.5598436736686          1
  3693.6541279921835          1
  3694.7484123106988          1
  3695.8426966292136          1
  3696.9369809477284          1
  3698.0312652662433          1
   3699.125549584758          1
   3700.219833903273          1
   3701.314118221788          1
   3702.408402540303          1
   3703.502686858818          1
  3704.5969711773328          1
  3705.6912554958476          1
  3706.7855398143624          1
  3707.8798241328773          1
   3708.974108451392          1
  3710.0683927699074          1
  3711.1626770884222          1
   3712.256961406937          1
   3713.351245725452          1
  3714.4455300439668          1
  3715.5398143624816          1
  3716.6340986809964          1
  3717.7283829995113          1
  3718.8226673180266          1
  3719.9169516365414          1
  3721.0112359550562          1
   3722.105520273571          1
   3723.199804592086          1
  3724.2940889106007          1
  3725.3883732291156          1
   3726.482657547631          1
  3727.5769418661457          1
  3728.6712261846606          1
  3729.7655105031754          1
  3730.8597948216902          1
   3731.954079140205          1
    3733.04836345872          1
  3734.1426477772347          1
    3735.23693209575          1
   3736.331216414265          1
  3737.4255007327797          1
  3738.5197850512945          1
  3739.6140693698094          1
   3740.708353688324          1
   3741.802638006839          1
  3742.8969223253544          1
   3743.991206643869          1
   3745.085490962384          1
   3746.179775280899          1
  3747.2740595994137          1
  3748.3683439179285          1
  3749.4626282364434          1
  3750.5569125549587          1
  3751.6511968734735          1
  3752.7454811919883          1
   3753.839765510503          1
   3754.934049829018          1
   3756.028334147533          1
  3757.1226184660477          1
   3758.216902784563          1
   3759.311187103078          1
  3760.4054714215927          1
  3761.4997557401075          1
  3762.5940400586223          1
   3763.688324377137          1
   3764.782608695652          1
   3765.876893014167          1
   3766.971177332682          1
   3768.065461651197          1
   3769.159745969712          1
  3770.2540302882267          1
  3771.3483146067415          1
  3772.4425989252563          1
   3773.536883243771          1
  3774.6311675622865          1
  3775.7254518808013          1
   3776.819736199316          1
   3777.914020517831          1
   3779.008304836346          1
  3780.1025891548607          1
  3781.1968734733755          1
  3782.2911577918903          1
  3783.3854421104056          1
  3784.4797264289205          1
  3785.5740107474353          1
    3786.66829506595          1
   3787.762579384465          1
    3788.85686370298          1
   3789.951148021495          1
    3791.04543234001          1
   3792.139716658525          1
  3793.2340009770396          1
  3794.3282852955545          1
  3795.4225696140693          1
   3796.516853932584          1
   3797.611138251099          1
  3798.7054225696143          1
   3799.799706888129          1
   3800.893991206644          1
  3801.9882755251588          1
  3803.0825598436736          1
  3804.1768441621884          1
  3805.2711284807033          1
  3806.3654127992186          1
  3807.4596971177334          1
  3808.5539814362483          1
   3809.648265754763          1
   3810.742550073278          1
  3811.8368343917928          1
  3812.9311187103076          1
  3814.0254030288224          1
  3815.1196873473377          1
  3816.2139716658526          1
  3817.3082559843674          1
  3818.4025403028822          1
   3819.496824621397          1
   3820.591108939912          1
  3821.6853932584268          1
   3822.779677576942          1
   3823.873961895457          1
  3824.9682462139717          1
  3826.0625305324866          1
  3827.1568148510014          1
  3828.2510991695162          1
   3829.345383488031          1
   3830.439667806546          1
   3831.533952125061          1
   3832.628236443576          1
   3833.722520762091          1
  3834.8168050806057          1
  3835.9110893991206          1
  3837.0053737176354          1
  3838.0996580361507          1
  3839.1939423546655          1
  3840.2882266731804          1
   3841.382510991695          1
    3842.47679531021          1
   3843.571079628725          1
  3844.6653639472397          1
  3845.7596482657545          1
    3846.85393258427          1
  3847.9482169027847          1
  3849.0425012212995          1
  3850.1367855398144          1
   3851.231069858329          1
   3852.325354176844          1
   3853.419638495359          1
   3854.513922813874          1
   3855.608207132389          1
   3856.702491450904          1
  3857.7967757694187          1
  3858.8910600879335          1
  3859.9853444064483          1
   3861.079628724963          1
   3862.173913043478          1
  3863.2681973619933          1
   3864.362481680508          1
   3865.456765999023          1
   3866.551050317538          1
  3867.6453346360527          1
  3868.7396189545675          1
   3869.833903273083          1
  3870.9281875915976          1
  3872.0224719101125          1
  3873.1167562286273          1
   3874.211040547142          1
   3875.305324865657          1
   3876.399609184172          1
  3877.4938935026867          1
  3878.5881778212015          1
   3879.682462139717          1
  3880.7767464582316          1
  3881.8710307767465          1
  3882.9653150952613          1
   3884.059599413776          1
   3885.153883732291          1
  3886.2481680508063          1
   3887.342452369321          1
   3888.436736687836          1
   3889.531021006351          1
  3890.6253053248656          1
  3891.7195896433805          1
  3892.8138739618953          1
    3893.90815828041          1
  3895.0024425989254          1
  3896.0967269174403          1
   3897.191011235955          1
    3898.28529555447          1
   3899.379579872985          1
  3900.4738641914996          1
  3901.5681485100145          1
  3902.6624328285297          1
  3903.7567171470446          1
  3904.8510014655594          1
  3905.9452857840743          1
   3907.039570102589          1
   3908.133854421104          1
  3909.2281387396188          1
  3910.3224230581336          1
   3911.416707376649          1
  3912.5109916951637          1
  3913.6052760136786          1
  3914.6995603321934          1
  3915.7938446507083          1
   3916.888128969223          1
  3917.9824132877384          1
   3919.076697606253          1
   3920.170981924768          1
   3921.265266243283          1
  3922.3595505617977          1
  3923.4538348803126          1
  3924.5481191988274          1
  3925.6424035173422          1
  3926.7366878358575          1
  3927.8309721543724          1
   3928.925256472887          1
   3930.019540791402          1
   3931.113825109917          1
  3932.2081094284317          1
  3933.3023937469466          1
   3934.396678065462          1
  3935.4909623839767          1
  3936.5852467024915          1
  3937.6795310210064          1
   3938.773815339521          1
   3939.868099658036          1
   3940.962383976551          1
  3942.0566682950657          1
   3943.150952613581          1
   3944.245236932096          1
  3945.3395212506107          1
  3946.4338055691255          1
  3947.5280898876404          1
   3948.622374206155          1
  3949.7166585246705          1
  3950.8109428431853          1
     3951.9052271617          1
   3952.999511480215          1
    3954.09379579873          1
  3955.1880801172447          1
  3956.2823644357595          1
  3957.3766487542744          1
   3958.470933072789          1
  3959.5652173913045          1
  3960.6595017098193          1
   3961.753786028334          1
   3962.848070346849          1
   3963.942354665364          1
  3965.0366389838787          1
   3966.130923302394          1
   3967.225207620909          1
  3968.3194919394236          1
  3969.4137762579385          1
  3970.5080605764533          1
   3971.602344894968          1
   3972.696629213483          1
   3973.790913531998          1
   3974.885197850513          1
   3975.979482169028          1
   3977.073766487543          1
  3978.1680508060576          1
  3979.2623351245725          1
  3980.3566194430873          1
   3981.450903761602          1
  3982.5451880801174          1
  3983.6394723986323          1
   3984.733756717147          1
   3985.828041035662          1
   3986.922325354177          1
  3988.0166096726916          1
  3989.1108939912065          1
  3990.2051783097213          1
  3991.2994626282366          1
  3992.3937469467514          1
  3993.4880312652663          1
   3994.582315583781          1
   3995.676599902296          1
   3996.770884220811          1
   3997.865168539326          1
   3998.959452857841          1
  4000.0537371763558          1
  4001.1480214948706          1
  4002.2423058133854          1
  4003.3365901319003          1
   4004.430874450415          1
    4005.52515876893          1
   4006.619443087445          1
    4007.71372740596          1
   4008.808011724475          1
  4009.9022960429897          1
  4010.9965803615046          1
  4012.0908646800194          1
  4013.1851489985343          1
  4014.2794333170496          1
  4015.3737176355644          1
   4016.468001954079          1
   4017.562286272594          1
   4018.656570591109          1
  4019.7508549096237          1
  4020.8451392281386          1
  4021.9394235466534          1
  4023.0337078651687          1
  4024.1279921836835          1
  4025.2222765021984          1
   4026.316560820713          1
   4027.410845139228          1
   4028.505129457743          1
  4029.5994137762577          1
   4030.693698094773          1
   4031.787982413288          1
  4032.8822667318027          1
  4033.9765510503175          1
  4035.0708353688324          1
   4036.165119687347          1
   4037.259404005862          1
   4038.353688324377          1
   4039.447972642892          1
   4040.542256961407          1
   4041.636541279922          1
  4042.7308255984367          1
  4043.8251099169515          1
  4044.9193942354664          1
  4046.0136785539817          1
  4047.1079628724965          1
  4048.2022471910113          1
   4049.296531509526          1
   4050.390815828041          1
   4051.485100146556          1
  4052.5793844650707          1
  4053.6736687835855          1
   4054.767953102101          1
  4055.8622374206157          1
  4056.9565217391305          1
  4058.0508060576453          1
    4059.14509037616          1
   4060.239374694675          1
    4061.33365901319          1
   4062.427943331705          1
    4063.52222765022          1
   4064.616511968735          1
  4065.7107962872497          1
  4066.8050806057645          1
  4067.8993649242793          1
   4068.993649242794          1
   4070.087933561309          1
  4071.1822178798243          1
   4072.276502198339          1
   4073.370786516854          1
   4074.465070835369          1
  4075.5593551538836          1
  4076.6536394723985          1
   4077.747923790914          1
  4078.8422081094286          1
  4079.9364924279434          1
  4081.0307767464583          1
   4082.125061064973          1
   4083.219345383488          1
   4084.313629702003          1
  4085.4079140205176          1
  4086.5021983390325          1
  4087.5964826575478          1
  4088.6907669760626          1
  4089.7850512945774          1
  4090.8793356130923          1
   4091.973619931607          1
   4093.067904250122          1
  4094.1621885686372          1
   4095.256472887152          1
   4096.350757205667          1
   4097.445041524182          1
   4098.539325842697          1
   4099.633610161211          1
   4100.727894479726          1
   4101.822178798241          1
   4102.916463116756          1
   4104.010747435271          1
   4105.105031753786          1
   4106.199316072301          1
   4107.293600390816          1
   4108.387884709331          1
   4109.482169027846          1
   4110.576453346361          1
   4111.670737664876          1
    4112.76502198339          1
   4113.859306301905          1
    4114.95359062042          1
   4116.047874938935          1
    4117.14215925745          1
   4118.236443575965          1
   4119.330727894479          1
   4120.425012212994          1
   4121.519296531509          1
   4122.613580850024          1
    4123.70786516854          1
  4124.8021494870545          1
   4125.896433805569          1
   4126.990718124084          1
   4128.085002442599          1
   4129.179286761114          1
   4130.273571079629          1
   4131.367855398144          1
   4132.462139716658          1
   4133.556424035173          1
   4134.650708353688          1
   4135.744992672203          1
   4136.839276990718          1
  4137.9335613092335          1
   4139.027845627748          1
   4140.122129946263          1
   4141.216414264778          1
   4142.310698583293          1
   4143.404982901808          1
  4144.4992672203225          1
   4145.593551538837          1
   4146.687835857352          1
   4147.782120175867          1
   4148.876404494382          1
   4149.970688812897          1
  4151.0649731314115          1
   4152.159257449926          1
   4153.253541768441          1
   4154.347826086956          1
   4155.442110405472          1
   4156.536394723987          1
  4157.6306790425015          1
   4158.724963361016          1
   4159.819247679531          1
   4160.913531998046          1
   4162.007816316561          1
   4163.102100635076          1
  4164.1963849535905          1
   4165.290669272105          1
    4166.38495359062          1
   4167.479237909135          1
    4168.57352222765          1
   4169.667806546166          1
    4170.76209086468          1
   4171.856375183195          1
    4172.95065950171          1
   4174.044943820225          1
    4175.13922813874          1
   4176.233512457255          1
  4177.3277967757695          1
   4178.422081094284          1
   4179.516365412799          1
   4180.610649731314          1
   4181.704934049829          1
   4182.799218368344          1
  4183.8935026868585          1
   4184.987787005373          1
   4186.082071323888          1
   4187.176355642403          1
   4188.270639960919          1
   4189.364924279434          1
   4190.459208597948          1
   4191.553492916463          1
   4192.647777234978          1
   4193.742061553493          1
   4194.836345872008          1
   4195.930630190523          1
   4197.024914509037          1
   4198.119198827552          1
   4199.213483146067          1
   4200.307767464582          1
   4201.402051783098          1
  4202.4963361016125          1
   4203.590620420127          1
   4204.684904738642          1
   4205.779189057157          1
   4206.873473375672          1
   4207.967757694187          1
   4209.062042012702          1
   4210.156326331216          1
   4211.250610649731          1
   4212.344894968246          1
   4213.439179286761          1
   4214.533463605276          1
   4215.627747923791          1
   4216.722032242305          1
    4217.81631656082          1
   4218.910600879335          1
   4220.004885197851          1
   4221.099169516366          1
  4222.1934538348805          1
   4223.287738153395          1
    4224.38202247191          1
   4225.476306790425          1
    4226.57059110894          1
   4227.664875427455          1
    4228.75915974597          1
   4229.853444064484          1
   4230.947728382999          1
   4232.042012701514          1
   4233.136297020029          1
   4234.230581338545          1
  4235.3248656570595          1
   4236.419149975574          1
   4237.513434294089          1
   4238.607718612604          1
   4239.702002931119          1
   4240.796287249634          1
  4241.8905715681485          1
   4242.984855886663          1
   4244.079140205178          1
   4245.173424523693          1
   4246.267708842208          1
   4247.361993160723          1
  4248.4562774792375          1
   4249.550561797752          1
   4250.644846116267          1
   4251.739130434783          1
   4252.833414753298          1
   4253.927699071813          1
  4255.0219833903275          1
   4256.116267708842          1
   4257.210552027357          1
   4258.304836345872          1
   4259.399120664387          1
   4260.493404982902          1
  4261.5876893014165          1
   4262.681973619931          1
   4263.776257938446          1
   4264.870542256961          1
   4265.964826575477          1
   4267.059110893992          1
   4268.153395212506          1
   4269.247679531021          1
   4270.341963849536          1
   4271.436248168051          1
   4272.530532486566          1
   4273.624816805081          1
  4274.7191011235955          1
    4275.81338544211          1
   4276.907669760625          1
    4278.00195407914          1
   4279.096238397655          1
    4280.19052271617          1
  4281.2848070346845          1
   4282.379091353199          1
   4283.473375671715          1
    4284.56765999023          1
   4285.661944308745          1
    4286.75622862726          1
   4287.850512945774          1
   4288.944797264289          1
   4290.039081582804          1
   4291.133365901319          1
   4292.227650219834          1
   4293.321934538349          1
   4294.416218856863          1
   4295.510503175378          1
   4296.604787493893          1
   4297.699071812409          1
   4298.793356130924          1
   4299.887640449439          1
   4300.981924767953          1
   4302.076209086468          1
   4303.170493404983          1
   4304.264777723498          1
   4305.359062042013          1
   4306.453346360528          1
   4307.547630679042          1
   4308.641914997557          1
   4309.736199316072          1
   4310.830483634587          1
   4311.924767953102          1
   4313.019052271617          1
   4314.113336590131          1
   4315.207620908646          1
   4316.301905227162          1
   4317.396189545677          1
   4318.490473864192          1
  4319.5847581827065          1
   4320.679042501221          1
   4321.773326819736          1
   4322.867611138251          1
   4323.961895456766          1
   4325.056179775281          1
   4326.150464093796          1
    4327.24474841231          1
   4328.339032730825          1
   4329.433317049341          1
   4330.527601367856          1
   4331.621885686371          1
  4332.7161700048855          1
     4333.8104543234          1
   4334.904738641915          1
    4335.99902296043          1
   4337.093307278945          1
    4338.18759159746          1
  4339.2818759159745          1
   4340.376160234489          1
   4341.470444553004          1
   4342.564728871519          1
   4343.659013190034          1
   4344.753297508549          1
   4345.847581827064          1
   4346.941866145578          1
   4348.036150464094          1
   4349.130434782609          1
   4350.224719101124          1
   4351.319003419639          1
  4352.4132877381535          1
   4353.507572056668          1
   4354.601856375183          1
   4355.696140693698          1
   4356.790425012213          1
   4357.884709330728          1
  4358.9789936492425          1
   4360.073277967757          1
   4361.167562286272          1
   4362.261846604788          1
   4363.356130923303          1
   4364.450415241818          1
   4365.544699560332          1
   4366.638983878847          1
   4367.733268197362          1
   4368.827552515877          1
   4369.921836834392          1
   4371.016121152907          1
  4372.1104054714215          1
   4373.204689789936          1
   4374.298974108451          1
   4375.393258426966          1
   4376.487542745481          1
   4377.581827063996          1
  4378.6761113825105          1
   4379.770395701026          1
   4380.864680019541          1
   4381.958964338056          1
   4383.053248656571          1
   4384.147532975086          1
     4385.2418172936          1
   4386.336101612115          1
    4387.43038593063          1
   4388.524670249145          1
    4389.61895456766          1
   4390.713238886175          1
  4391.8075232046895          1
   4392.901807523204          1
    4393.99609184172          1
   4395.090376160235          1
    4396.18466047875          1
   4397.278944797265          1
   4398.373229115779          1
   4399.467513434294          1
   4400.561797752809          1
   4401.656082071324          1
   4402.750366389839          1
   4403.844650708354          1
   4404.938935026868          1
   4406.033219345383          1
   4407.127503663898          1
   4408.221787982413          1
   4409.316072300928          1
   4410.410356619443          1
   4411.504640937958          1
   4412.598925256473          1
   4413.693209574988          1
   4414.787493893503          1
   4415.881778212018          1
  4416.9760625305325          1
   4418.070346849047          1
   4419.164631167562          1
   4420.258915486077          1
   4421.353199804592          1
   4422.447484123107          1
   4423.541768441622          1
   4424.636052760136          1
   4425.730337078652          1
   4426.824621397167          1
   4427.918905715682          1
   4429.013190034197          1
  4430.1074743527115          1
   4431.201758671226          1
   4432.296042989741          1
   4433.390327308256          1
   4434.484611626771          1
   4435.578895945286          1
  4436.6731802638005          1
   4437.767464582315          1
    4438.86174890083          1
   4439.956033219345          1
    4441.05031753786          1
   4442.144601856375          1
    4443.23888617489          1
   4444.333170493405          1
    4445.42745481192          1
   4446.521739130435          1
    4447.61602344895          1
   4448.710307767465          1
  4449.8045920859795          1
   4450.898876404494          1
   4451.993160723009          1
   4453.087445041524          1
   4454.181729360039          1
   4455.276013678554          1
  4456.3702979970685          1
   4457.464582315584          1
   4458.558866634099          1
   4459.653150952614          1
   4460.747435271129          1
   4461.841719589644          1
   4462.936003908158          1
   4464.030288226673          1
   4465.124572545188          1
   4466.218856863703          1
   4467.313141182218          1
   4468.407425500733          1
  4469.5017098192475          1
   4470.595994137762          1
   4471.690278456277          1
   4472.784562774792          1
   4473.878847093307          1
   4474.973131411822          1
   4476.067415730337          1
   4477.161700048852          1
   4478.255984367367          1
   4479.350268685882          1
   4480.444553004397          1
   4481.538837322912          1
   4482.633121641426          1
   4483.727405959941          1
   4484.821690278456          1
   4485.915974596971          1
   4487.010258915486          1
   4488.104543234001          1
  4489.1988275525155          1
   4490.293111871031          1
   4491.387396189546          1
   4492.481680508061          1
   4493.575964826576          1
   4494.670249145091          1
   4495.764533463605          1
    4496.85881778212          1
   4497.953102100635          1
    4499.04738641915          1
   4500.141670737665          1
    4501.23595505618          1
   4502.330239374694          1
   4503.424523693209          1
   4504.518808011724          1
   4505.613092330239          1
   4506.707376648754          1
  4507.8016609672695          1
   4508.895945285784          1
   4509.990229604299          1
   4511.084513922814          1
   4512.178798241329          1
   4513.273082559844          1
   4514.367366878359          1
   4515.461651196873          1
   4516.555935515388          1
   4517.650219833903          1
   4518.744504152418          1
   4519.838788470933          1
   4520.933072789448          1
   4522.027357107963          1
   4523.121641426478          1
   4524.215925744993          1
   4525.310210063508          1
   4526.404494382023          1
  4527.4987787005375          1
   4528.593063019052          1
   4529.687347337567          1
   4530.781631656082          1
   4531.875915974597          1
   4532.970200293112          1
  4534.0644846116265          1
   4535.158768930141          1
   4536.253053248656          1
   4537.347337567171          1
   4538.441621885686          1
   4539.535906204202          1
  4540.6301905227165          1
   4541.724474841231          1
   4542.818759159746          1
   4543.913043478261          1
   4545.007327796776          1
   4546.101612115291          1
  4547.1958964338055          1
    4548.29018075232          1
   4549.384465070835          1
    4550.47874938935          1
   4551.573033707865          1
    4552.66731802638          1
   4553.761602344895          1
    4554.85588666341          1
   4555.950170981925          1
    4557.04445530044          1
   4558.138739618955          1
    4559.23302393747          1
  4560.3273082559845          1
   4561.421592574499          1
   4562.515876893014          1
   4563.610161211529          1
   4564.704445530044          1
   4565.798729848559          1
  4566.8930141670735          1
   4567.987298485588          1
   4569.081582804103          1
   4570.175867122618          1
   4571.270151441133          1
   4572.364435759649          1
   4573.458720078163          1
   4574.553004396678          1
   4575.647288715193          1
   4576.741573033708          1
   4577.835857352223          1
   4578.930141670738          1
   4580.024425989252          1
   4581.118710307767          1
   4582.212994626282          1
   4583.307278944797          1
   4584.401563263312          1
   4585.495847581828          1
   4586.590131900342          1
   4587.684416218857          1
   4588.778700537372          1
   4589.872984855887          1
   4590.967269174402          1
   4592.061553492917          1
   4593.155837811431          1
   4594.250122129946          1
   4595.344406448461          1
   4596.438690766976          1
   4597.532975085491          1
   4598.627259404006          1
    4599.72154372252          1
   4600.815828041035          1
    4601.91011235955          1
   4603.004396678065          1
    4604.09868099658          1
  4605.1929653150955          1
    4606.28724963361          1
   4607.381533952125          1
    4608.47581827064          1
   4609.570102589155          1
    4610.66438690767          1
   4611.758671226185          1
   4612.852955544699          1
   4613.947239863214          1
   4615.041524181729          1
   4616.135808500244          1
    4617.23009281876          1
  4618.3243771372745          1
   4619.418661455789          1
   4620.512945774304          1
   4621.607230092819          1
   4622.701514411334          1
   4623.795798729849          1
  4624.8900830483635          1
   4625.984367366878          1
   4627.078651685393          1
   4628.172936003908          1
   4629.267220322423          1
   4630.361504640938          1
   4631.455788959453          1
   4632.550073277967          1
   4633.644357596482          1
   4634.738641914997          1
   4635.832926233512          1
   4636.927210552028          1
  4638.0214948705425          1
   4639.115779189057          1
   4640.210063507572          1
   4641.304347826087          1
   4642.398632144602          1
   4643.492916463117          1
  4644.5872007816315          1
   4645.681485100146          1
   4646.775769418661          1
   4647.870053737176          1
   4648.964338055692          1
   4650.058622374207          1
   4651.152906692721          1
   4652.247191011236          1
   4653.341475329751          1
   4654.435759648266          1
   4655.530043966781          1
   4656.624328285296          1
  4657.7186126038105          1
   4658.812896922325          1
    4659.90718124084          1
   4661.001465559355          1
    4662.09574987787          1
   4663.190034196385          1
  4664.2843185148995          1
   4665.378602833414          1
   4666.472887151929          1
   4667.567171470444          1
    4668.66145578896          1
   4669.755740107475          1
   4670.850024425989          1
   4671.944308744504          1
   4673.038593063019          1
   4674.132877381534          1
   4675.227161700049          1
   4676.321446018564          1
  4677.4157303370785          1
   4678.510014655593          1
   4679.604298974108          1
   4680.698583292624          1
   4681.792867611139          1
   4682.887151929654          1
   4683.981436248168          1
   4685.075720566683          1
   4686.170004885198          1
   4687.264289203713          1
   4688.358573522228          1
   4689.452857840743          1
   4690.547142159257          1
   4691.641426477772          1
   4692.735710796287          1
   4693.829995114802          1
   4694.924279433317          1
   4696.018563751832          1
   4697.112848070346          1
   4698.207132388861          1
   4699.301416707376          1
   4700.395701025891          1
   4701.489985344407          1
  4702.5842696629215          1
   4703.678553981436          1
   4704.772838299951          1
   4705.867122618466          1
   4706.961406936981          1
   4708.055691255496          1
   4709.149975574011          1
   4710.244259892525          1
    4711.33854421104          1
   4712.432828529555          1
   4713.527112848071          1
   4714.621397166586          1
  4715.7156814851005          1
   4716.809965803615          1
    4717.90425012213          1
   4718.998534440645          1
    4720.09281875916          1
   4721.187103077675          1
  4722.2813873961895          1
   4723.375671714704          1
   4724.469956033219          1
   4725.564240351734          1
   4726.658524670249          1
   4727.752808988764          1
   4728.847093307279          1
   4729.941377625793          1
   4731.035661944308          1
   4732.129946262823          1
   4733.224230581339          1
   4734.318514899854          1
  4735.4127992183685          1
   4736.507083536883          1
   4737.601367855398          1
   4738.695652173913          1
   4739.789936492428          1
   4740.884220810943          1
  4741.9785051294575          1
   4743.072789447972          1
   4744.167073766487          1
   4745.261358085003          1
   4746.355642403518          1
   4747.449926722033          1
   4748.544211040547          1
   4749.638495359062          1
   4750.732779677577          1
   4751.827063996092          1
   4752.921348314607          1
   4754.015632633122          1
  4755.1099169516365          1
   4756.204201270151          1
   4757.298485588666          1
   4758.392769907181          1
   4759.487054225696          1
   4760.581338544211          1
  4761.6756228627255          1
    4762.76990718124          1
   4763.864191499755          1
   4764.958475818271          1
   4766.052760136786          1
   4767.147044455301          1
   4768.241328773815          1
    4769.33561309233          1
   4770.429897410845          1
    4771.52418172936          1
   4772.618466047875          1
    4773.71275036639          1
  4774.8070346849045          1
   4775.901319003419          1
   4776.995603321935          1
    4778.08988764045          1
   4779.184171958965          1
    4780.27845627748          1
   4781.372740595994          1
   4782.467024914509          1
   4783.561309233024          1
   4784.655593551539          1
   4785.749877870054          1
   4786.844162188569          1
   4787.938446507083          1
   4789.032730825598          1
   4790.127015144113          1
   4791.221299462628          1
   4792.315583781143          1
   4793.409868099658          1
   4794.504152418172          1
   4795.598436736687          1
   4796.692721055203          1
   4797.787005373718          1
   4798.881289692233          1
   4799.975574010748          1
   4801.069858329262          1
   4802.164142647777          1
   4803.258426966292          1
   4804.352711284807          1
   4805.446995603322          1
   4806.541279921837          1
   4807.635564240351          1
   4808.729848558867          1
   4809.824132877382          1
   4810.918417195897          1
   4812.012701514412          1
  4813.1069858329265          1
   4814.201270151441          1
   4815.295554469956          1
   4816.389838788471          1
   4817.484123106986          1
   4818.578407425501          1
  4819.6726917440155          1
    4820.76697606253          1
   4821.861260381045          1
    4822.95554469956          1
   4824.049829018075          1
    4825.14411333659          1
   4826.238397655105          1
   4827.332681973619          1
   4828.426966292134          1
    4829.52125061065          1
   4830.615534929165          1
    4831.70981924768          1
  4832.8041035661945          1
   4833.898387884709          1
   4834.992672203224          1
   4836.086956521739          1
   4837.181240840254          1
   4838.275525158769          1
  4839.3698094772835          1
   4840.464093795798          1
   4841.558378114314          1
   4842.652662432829          1
   4843.746946751344          1
   4844.841231069859          1
  4845.9355153883735          1
   4847.029799706888          1
   4848.124084025403          1
   4849.218368343918          1
   4850.312652662433          1
   4851.406936980948          1
  4852.5012212994625          1
   4853.595505617977          1
   4854.689789936492          1
   4855.784074255007          1
   4856.878358573522          1
   4857.972642892037          1
  4859.0669272105515          1
   4860.161211529066          1
   4861.255495847582          1
   4862.349780166097          1
   4863.444064484612          1
   4864.538348803127          1
   4865.632633121641          1
   4866.726917440156          1
   4867.821201758671          1
   4868.915486077186          1
   4870.009770395701          1
   4871.104054714216          1
  4872.1983390327305          1
   4873.292623351246          1
   4874.386907669761          1
   4875.481191988276          1
   4876.575476306791          1
   4877.669760625306          1
    4878.76404494382          1
   4879.858329262335          1
    4880.95261358085          1
   4882.046897899365          1
    4883.14118221788          1
   4884.235466536395          1
   4885.329750854909          1
   4886.424035173424          1
   4887.518319491939          1
   4888.612603810454          1
   4889.706888128969          1
   4890.801172447484          1
  4891.8954567659985          1
   4892.989741084514          1
   4894.084025403029          1
   4895.178309721544          1
   4896.272594040059          1
   4897.366878358574          1
   4898.461162677088          1
   4899.555446995603          1
   4900.649731314118          1
   4901.744015632633          1
   4902.838299951148          1
   4903.932584269663          1
   4905.026868588178          1
   4906.121152906693          1
   4907.215437225208          1
   4908.309721543723          1
   4909.404005862238          1
  4910.4982901807525          1
   4911.592574499267          1
   4912.686858817782          1
   4913.781143136297          1
   4914.875427454812          1
   4915.969711773327          1
   4917.063996091842          1
   4918.158280410356          1
   4919.252564728871          1
   4920.346849047386          1
   4921.441133365901          1
   4922.535417684416          1
   4923.629702002931          1
   4924.723986321446          1
   4925.818270639961          1
   4926.912554958476          1
   4928.006839276991          1
   4929.101123595506          1
  4930.1954079140205          1
   4931.289692232535          1
    4932.38397655105          1
   4933.478260869565          1
    4934.57254518808          1
   4935.666829506595          1
    4936.76111382511          1
   4937.855398143625          1
    4938.94968246214          1
   4940.043966780655          1
    4941.13825109917          1
   4942.232535417685          1
  4943.3268197361995          1
   4944.421104054714          1
   4945.515388373229          1
   4946.609672691744          1
   4947.703957010259          1
   4948.798241328774          1
  4949.8925256472885          1
   4950.986809965803          1
   4952.081094284318          1
   4953.175378602833          1
   4954.269662921348          1
   4955.363947239863          1
  4956.4582315583775          1
   4957.552515876893          1
   4958.646800195408          1
   4959.741084513923          1
   4960.835368832438          1
   4961.929653150953          1
  4963.0239374694675          1
   4964.118221787982          1
   4965.212506106497          1
   4966.306790425012          1
   4967.401074743527          1
   4968.495359062042          1
   4969.589643380557          1
   4970.683927699072          1
   4971.778212017587          1
   4972.872496336102          1
   4973.966780654617          1
   4975.061064973132          1
   4976.155349291646          1
   4977.249633610161          1
   4978.343917928676          1
   4979.438202247191          1
   4980.532486565706          1
   4981.626770884221          1
   4982.721055202735          1
    4983.81533952125          1
   4984.909623839765          1
    4986.00390815828          1
   4987.098192476795          1
    4988.19247679531          1
   4989.286761113825          1
    4990.38104543234          1
   4991.475329750855          1
    4992.56961406937          1
   4993.663898387885          1
     4994.7581827064          1
   4995.852467024914          1
   4996.946751343429          1
   4998.041035661944          1
   4999.135319980459          1
   5000.229604298974          1
  5001.3238886174895          1
   5002.418172936004          1
   5003.512457254519          1
   5004.606741573034          1
   5005.701025891549          1
   5006.795310210064          1
  5007.8895945285785          1
   5008.983878847093          1
   5010.078163165608          1
   5011.172447484123          1
   5012.266731802638          1
   5013.361016121153          1
   5014.455300439668          1
   5015.549584758182          1
   5016.643869076697          1
   5017.738153395212          1
   5018.832437713727          1
   5019.926722032242          1
  5021.0210063507575          1
   5022.115290669272          1
   5023.209574987787          1
   5024.303859306302          1
   5025.398143624817          1
   5026.492427943332          1
  5027.5867122618465          1
   5028.680996580361          1
   5029.775280898876          1
   5030.869565217391          1
   5031.963849535906          1
   5033.058133854422          1
   5034.152418172936          1
   5035.246702491451          1
   5036.340986809966          1
   5037.435271128481          1
   5038.529555446996          1
   5039.623839765511          1
  5040.7181240840255          1
    5041.81240840254          1
   5042.906692721055          1
    5044.00097703957          1
   5045.095261358085          1
     5046.1895456766          1
  5047.2838299951145          1
   5048.378114313629          1
   5049.472398632144          1
   5050.566682950659          1
   5051.660967269174          1
    5052.75525158769          1
   5053.849535906204          1
   5054.943820224719          1
   5056.038104543234          1
   5057.132388861749          1
   5058.226673180264          1
   5059.320957498779          1
  5060.4152418172935          1
   5061.509526135808          1
   5062.603810454323          1
   5063.698094772838          1
   5064.792379091354          1
   5065.886663409869          1
   5066.980947728383          1
   5068.075232046898          1
   5069.169516365413          1
   5070.263800683928          1
   5071.358085002443          1
   5072.452369320958          1
   5073.546653639472          1
   5074.640937957987          1
   5075.735222276502          1
   5076.829506595017          1
   5077.923790913532          1
   5079.018075232047          1
   5080.112359550561          1
   5081.206643869076          1
   5082.300928187591          1
   5083.395212506106          1
   5084.489496824621          1
   5085.583781143137          1
   5086.678065461651          1
   5087.772349780166          1
   5088.866634098681          1
   5089.960918417196          1
   5091.055202735711          1
   5092.149487054226          1
    5093.24377137274          1
   5094.338055691255          1
    5095.43234000977          1
   5096.526624328285          1
   5097.620908646801          1
  5098.7151929653155          1
    5099.80947728383          1
   5100.903761602345          1
    5101.99804592086          1
   5103.092330239375          1
    5104.18661455789          1
  5105.2808988764045          1
   5106.375183194919          1
   5107.469467513434          1
   5108.563751831949          1
   5109.658036150464          1
   5110.752320468979          1
   5111.846604787494          1
   5112.940889106008          1
   5114.035173424523          1
   5115.129457743038          1
   5116.223742061553          1
   5117.318026380069          1
  5118.4123106985835          1
   5119.506595017098          1
   5120.600879335613          1
   5121.695163654128          1
   5122.789447972643          1
   5123.883732291158          1
  5124.9780166096725          1
   5126.072300928187          1
   5127.166585246702          1
   5128.260869565217          1
   5129.355153883733          1
   5130.449438202248          1
  5131.5437225207625          1
   5132.638006839277          1
   5133.732291157792          1
   5134.826575476307          1
   5135.920859794822          1
   5137.015144113337          1
  5138.1094284318515          1
   5139.203712750366          1
   5140.297997068881          1
   5141.392281387396          1
   5142.486565705911          1
   5143.580850024426          1
  5144.6751343429405          1
   5145.769418661455          1
    5146.86370297997          1
   5147.957987298485          1
   5149.052271617001          1
   5150.146555935516          1
    5151.24084025403          1
   5152.335124572545          1
    5153.42940889106          1
   5154.523693209575          1
    5155.61797752809          1
   5156.712261846605          1
  5157.8065461651195          1
   5158.900830483634          1
   5159.995114802149          1
   5161.089399120665          1
    5162.18368343918          1
   5163.277967757695          1
   5164.372252076209          1
   5165.466536394724          1
   5166.560820713239          1
   5167.655105031754          1
   5168.749389350269          1
   5169.843673668784          1
   5170.937957987298          1
   5172.032242305813          1
   5173.126526624328          1
   5174.220810942843          1
   5175.315095261358          1
   5176.409379579873          1
  5177.5036638983875          1
   5178.597948216902          1
   5179.692232535417          1
   5180.786516853932          1
   5181.880801172448          1
   5182.975085490963          1
   5184.069369809477          1
   5185.163654127992          1
   5186.257938446507          1
   5187.352222765022          1
   5188.446507083537          1
   5189.540791402052          1
   5190.635075720566          1
   5191.729360039081          1
   5192.823644357597          1
   5193.917928676112          1
   5195.012212994627          1
  5196.1064973131415          1
   5197.200781631656          1
   5198.295065950171          1
   5199.389350268686          1
   5200.483634587201          1
   5201.577918905716          1
  5202.6722032242305          1
   5203.766487542745          1
    5204.86077186126          1
   5205.955056179775          1
    5207.04934049829          1
   5208.143624816805          1
    5209.23790913532          1
   5210.332193453834          1
   5211.426477772349          1
   5212.520762090864          1
    5213.61504640938          1
   5214.709330727895          1
  5215.8036150464095          1
   5216.897899364924          1
   5217.992183683439          1
   5219.086468001954          1
   5220.180752320469          1
   5221.275036638984          1
  5222.3693209574985          1
   5223.463605276013          1
   5224.557889594528          1
   5225.652173913044          1
   5226.746458231559          1
   5227.840742550074          1
  5228.9350268685885          1
   5230.029311187103          1
   5231.123595505618          1
   5232.217879824133          1
   5233.312164142648          1
   5234.406448461163          1
  5235.5007327796775          1
   5236.595017098192          1
   5237.689301416707          1
   5238.783585735222          1
   5239.877870053737          1
   5240.972154372252          1
  5242.0664386907665          1
   5243.160723009281          1
   5244.255007327796          1
   5245.349291646312          1
   5246.443575964827          1
   5247.537860283342          1
   5248.632144601856          1
   5249.726428920371          1
   5250.820713238886          1
   5251.914997557401          1
   5253.009281875916          1
   5254.103566194431          1
  5255.1978505129455          1
    5256.29213483146          1
   5257.386419149976          1
   5258.480703468491          1
   5259.574987787006          1
   5260.669272105521          1
   5261.763556424035          1
    5262.85784074255          1
   5263.952125061065          1
    5265.04640937958          1
   5266.140693698095          1
    5267.23497801661          1
   5268.329262335124          1
   5269.423546653639          1
   5270.517830972154          1
   5271.612115290669          1
   5272.706399609184          1
   5273.800683927699          1
  5274.8949682462135          1
   5275.989252564728          1
   5277.083536883244          1
   5278.177821201759          1
   5279.272105520274          1
   5280.366389838789          1
   5281.460674157303          1
   5282.554958475818          1
   5283.649242794333          1
   5284.743527112848          1
   5285.837811431363          1
   5286.932095749878          1
   5288.026380068392          1
   5289.120664386908          1
   5290.214948705423          1
   5291.309233023938          1
   5292.403517342453          1
  5293.4978016609675          1
   5294.592085979482          1
   5295.686370297997          1
   5296.780654616512          1
   5297.874938935027          1
   5298.969223253542          1
   5300.063507572057          1
   5301.157791890571          1
   5302.252076209086          1
   5303.346360527601          1
   5304.440644846116          1
   5305.534929164631          1
   5306.629213483146          1
    5307.72349780166          1
   5308.817782120175          1
   5309.912066438691          1
   5311.006350757206          1
   5312.100635075721          1
  5313.1949193942355          1
    5314.28920371275          1
   5315.383488031265          1
    5316.47777234978          1
   5317.572056668295          1
    5318.66634098681          1
  5319.7606253053245          1
    5320.85490962384          1
   5321.949193942355          1
    5323.04347826087          1
   5324.137762579385          1
     5325.2320468979          1
  5326.3263312164145          1
   5327.420615534929          1
   5328.514899853444          1
   5329.609184171959          1
   5330.703468490474          1
   5331.797752808989          1
  5332.8920371275035          1
   5333.986321446018          1
   5335.080605764533          1
   5336.174890083048          1
   5337.269174401563          1
   5338.363458720078          1
  5339.4577430385925          1
   5340.552027357107          1
   5341.646311675623          1
   5342.740595994138          1
   5343.834880312653          1
   5344.929164631168          1
  5346.0234489496825          1
   5347.117733268197          1
   5348.212017586712          1
   5349.306301905227          1
   5350.400586223742          1
   5351.494870542257          1
  5352.5891548607715          1
   5353.683439179287          1
   5354.777723497802          1
   5355.872007816317          1
   5356.966292134832          1
   5358.060576453347          1
   5359.154860771861          1
   5360.249145090376          1
   5361.343429408891          1
   5362.437713727406          1
   5363.531998045921          1
   5364.626282364436          1
    5365.72056668295          1
   5366.814851001465          1
    5367.90913531998          1
   5369.003419638495          1
    5370.09770395701          1
   5371.191988275525          1
  5372.2862725940395          1
   5373.380556912555          1
    5374.47484123107          1
   5375.569125549585          1
     5376.6634098681          1
   5377.757694186615          1
   5378.851978505129          1
   5379.946262823644          1
   5381.040547142159          1
   5382.134831460674          1
   5383.229115779189          1
   5384.323400097704          1
   5385.417684416219          1
   5386.511968734734          1
   5387.606253053249          1
   5388.700537371764          1
   5389.794821690279          1
  5390.8891060087935          1
   5391.983390327308          1
   5393.077674645823          1
   5394.171958964338          1
   5395.266243282853          1
   5396.360527601368          1
   5397.454811919883          1
   5398.549096238397          1
   5399.643380556912          1
   5400.737664875427          1
   5401.831949193942          1
   5402.926233512457          1
   5404.020517830972          1
   5405.114802149487          1
   5406.209086468002          1
   5407.303370786517          1
   5408.397655105032          1
   5409.491939423547          1
  5410.5862237420615          1
   5411.680508060576          1
   5412.774792379091          1
   5413.869076697606          1
   5414.963361016121          1
   5416.057645334636          1
  5417.1519296531515          1
   5418.246213971666          1
   5419.340498290181          1
   5420.434782608696          1
   5421.529066927211          1
   5422.623351245726          1
  5423.7176355642405          1
   5424.811919882755          1
    5425.90620420127          1
   5427.000488519785          1
     5428.0947728383          1
   5429.189057156815          1
  5430.2833414753295          1
   5431.377625793844          1
   5432.471910112359          1
   5433.566194430874          1
   5434.660478749389          1
   5435.754763067904          1
  5436.8490473864185          1
   5437.943331704934          1
   5439.037616023449          1
   5440.131900341964          1
   5441.226184660479          1
   5442.320468978994          1
  5443.4147532975085          1
   5444.509037616023          1
   5445.603321934538          1
   5446.697606253053          1
   5447.791890571568          1
   5448.886174890083          1
   5449.980459208598          1
   5451.074743527113          1
   5452.169027845628          1
   5453.263312164143          1
   5454.357596482658          1
   5455.451880801173          1
   5456.546165119687          1
   5457.640449438202          1
   5458.734733756717          1
   5459.829018075232          1
   5460.923302393747          1
   5462.017586712262          1
  5463.1118710307765          1
   5464.206155349291          1
   5465.300439667806          1
   5466.394723986321          1
   5467.489008304836          1
   5468.583292623351          1
   5469.677576941866          1
   5470.771861260381          1
   5471.866145578896          1
   5472.960429897411          1
   5474.054714215926          1
   5475.148998534441          1
   5476.243282852955          1
    5477.33756717147          1
   5478.431851489985          1
     5479.5261358085          1
   5480.620420127015          1
  5481.7147044455305          1
   5482.808988764045          1
    5483.90327308256          1
   5484.997557401075          1
    5486.09184171959          1
   5487.186126038105          1
  5488.2804103566195          1
   5489.374694675134          1
   5490.468978993649          1
   5491.563263312164          1
   5492.657547630679          1
   5493.751831949194          1
   5494.846116267709          1
   5495.940400586223          1
   5497.034684904738          1
   5498.128969223253          1
   5499.223253541768          1
   5500.317537860283          1
  5501.4118221787985          1
   5502.506106497313          1
   5503.600390815828          1
   5504.694675134343          1
   5505.788959452858          1
   5506.883243771373          1
  5507.9775280898875          1
   5509.071812408402          1
   5510.166096726917          1
   5511.260381045432          1
   5512.354665363947          1
   5513.448949682463          1
  5514.5432340009775          1
   5515.637518319492          1
   5516.731802638007          1
   5517.826086956522          1
   5518.920371275037          1
   5520.014655593552          1
  5521.1089399120665          1
   5522.203224230581          1
   5523.297508549096          1
   5524.391792867611          1
   5525.486077186126          1
   5526.580361504641          1
  5527.6746458231555          1
    5528.76893014167          1
   5529.863214460185          1
     5530.9574987787          1
   5532.051783097215          1
   5533.146067415731          1
   5534.240351734245          1
    5535.33463605276          1
   5536.428920371275          1
    5537.52320468979          1
   5538.617489008305          1
    5539.71177332682          1
  5540.8060576453345          1
   5541.900341963849          1
   5542.994626282364          1
   5544.088910600879          1
   5545.183194919395          1
    5546.27747923791          1
   5547.371763556424          1
   5548.466047874939          1
   5549.560332193454          1
   5550.654616511969          1
   5551.748900830484          1
   5552.843185148999          1
   5553.937469467513          1
   5555.031753786028          1
   5556.126038104543          1
   5557.220322423058          1
   5558.314606741573          1
   5559.408891060088          1
  5560.5031753786025          1
   5561.597459697117          1
   5562.691744015632          1
   5563.786028334147          1
   5564.880312652662          1
   5565.974596971178          1
   5567.068881289692          1
   5568.163165608207          1
   5569.257449926722          1
   5570.351734245237          1
   5571.446018563752          1
   5572.540302882267          1
   5573.634587200781          1
   5574.728871519296          1
   5575.823155837811          1
   5576.917440156326          1
   5578.011724474842          1
  5579.1060087933565          1
   5580.200293111871          1
   5581.294577430386          1
   5582.388861748901          1
   5583.483146067416          1
   5584.577430385931          1
   5585.671714704446          1
    5586.76599902296          1
   5587.860283341475          1
    5588.95456765999          1
   5590.048851978505          1
    5591.14313629702          1
   5592.237420615535          1
   5593.331704934049          1
   5594.425989252564          1
   5595.520273571079          1
   5596.614557889594          1
    5597.70884220811          1
  5598.8031265266245          1
   5599.897410845139          1
   5600.991695163654          1
   5602.085979482169          1
   5603.180263800684          1
   5604.274548119199          1
  5605.3688324377135          1
   5606.463116756228          1
   5607.557401074743          1
   5608.651685393258          1
   5609.745969711774          1
   5610.840254030289          1
  5611.9345383488035          1
   5613.028822667318          1
   5614.123106985833          1
   5615.217391304348          1
   5616.311675622863          1
   5617.405959941378          1
  5618.5002442598925          1
   5619.594528578407          1
   5620.688812896922          1
   5621.783097215437          1
   5622.877381533952          1
   5623.971665852467          1
  5625.0659501709815          1
   5626.160234489496          1
   5627.254518808011          1
   5628.348803126526          1
   5629.443087445041          1
   5630.537371763556          1
  5631.6316560820715          1
   5632.725940400586          1
   5633.820224719101          1
   5634.914509037616          1
   5636.008793356131          1
   5637.103077674646          1
  5638.1973619931605          1
   5639.291646311676          1
   5640.385930630191          1
   5641.480214948706          1
   5642.574499267221          1
   5643.668783585736          1
    5644.76306790425          1
   5645.857352222765          1
    5646.95163654128          1
   5648.045920859795          1
    5649.14020517831          1
   5650.234489496825          1
   5651.328773815339          1
   5652.423058133854          1
   5653.517342452369          1
   5654.611626770884          1
   5655.705911089399          1
   5656.800195407914          1
  5657.8944797264285          1
   5658.988764044943          1
   5660.083048363458          1
   5661.177332681973          1
   5662.271617000488          1
   5663.365901319004          1
   5664.460185637518          1
   5665.554469956033          1
   5666.648754274548          1
   5667.743038593063          1
   5668.837322911578          1
   5669.931607230093          1
   5671.025891548607          1
   5672.120175867123          1
   5673.214460185638          1
   5674.308744504153          1
   5675.403028822668          1
  5676.4973131411825          1
   5677.591597459697          1
   5678.685881778212          1
   5679.780166096727          1
   5680.874450415242          1
   5681.968734733757          1
   5683.063019052272          1
   5684.157303370786          1
   5685.251587689301          1
   5686.345872007816          1
   5687.440156326331          1
   5688.534440644846          1
   5689.628724963361          1
   5690.723009281875          1
    5691.81729360039          1
   5692.911577918905          1
    5694.00586223742          1
   5695.100146555936          1
  5696.1944308744505          1
   5697.288715192965          1
    5698.38299951148          1
   5699.477283829995          1
    5700.57156814851          1
   5701.665852467025          1
  5702.7601367855395          1
   5703.854421104055          1
    5704.94870542257          1
   5706.042989741085          1
     5707.1372740596          1
   5708.231558378115          1
  5709.3258426966295          1
   5710.420127015144          1
   5711.514411333659          1
   5712.608695652174          1
   5713.702979970689          1
   5714.797264289204          1
  5715.8915486077185          1
   5716.985832926233          1
   5718.080117244748          1
   5719.174401563263          1
   5720.268685881778          1
   5721.362970200293          1
  5722.4572545188075          1
   5723.551538837322          1
   5724.645823155837          1
   5725.740107474352          1
   5726.834391792867          1
   5727.928676111383          1
  5729.0229604298975          1
   5730.117244748412          1
   5731.211529066927          1
   5732.305813385442          1
   5733.400097703957          1
   5734.494382022472          1
   5735.588666340987          1
   5736.682950659502          1
   5737.777234978017          1
   5738.871519296532          1
   5739.965803615047          1
   5741.060087933562          1
   5742.154372252076          1
   5743.248656570591          1
   5744.342940889106          1
   5745.437225207621          1
   5746.531509526136          1
   5747.625793844651          1
   5748.720078163165          1
    5749.81436248168          1
   5750.908646800195          1
    5752.00293111871          1
   5753.097215437225          1
    5754.19149975574          1
  5755.2857840742545          1
   5756.380068392769          1
   5757.474352711284          1
   5758.568637029799          1
   5759.662921348315          1
    5760.75720566683          1
   5761.851489985344          1
   5762.945774303859          1
   5764.040058622374          1
   5765.134342940889          1
   5766.228627259404          1
  5767.3229115779195          1
   5768.417195896434          1
   5769.511480214949          1
   5770.605764533464          1
   5771.700048851979          1
   5772.794333170494          1
  5773.8886174890085          1
   5774.982901807523          1
   5776.077186126038          1
   5777.171470444553          1
   5778.265754763068          1
   5779.360039081583          1
   5780.454323400098          1
   5781.548607718612          1
   5782.642892037127          1
   5783.737176355642          1
   5784.831460674157          1
   5785.925744992672          1
   5787.020029311187          1
   5788.114313629701          1
   5789.208597948216          1
   5790.302882266731          1
   5791.397166585247          1
   5792.491450903762          1
  5793.5857352222765          1
   5794.680019540791          1
   5795.774303859306          1
   5796.868588177821          1
   5797.962872496336          1
   5799.057156814851          1
  5800.1514411333665          1
   5801.245725451881          1
   5802.340009770396          1
   5803.434294088911          1
   5804.528578407426          1
   5805.622862725941          1
  5806.7171470444555          1
    5807.81143136297          1
   5808.905715681485          1
              5810.0          1
