fiber_id head_id    ifu_x   ifu_y trace_row exclude_fiber
-------- ------- -------- ------- --------- -------------
     1.0     1.0 -46.4293  49.488    11.447           1.0
     2.0     2.0 -39.2864  49.488    19.288           1.0
     3.0     3.0 -32.1434  49.488    27.287           0.0
     4.0     4.0 -25.0004  49.488    35.345           0.0
     5.0     5.0 -17.8574  49.488    43.521           0.0
     6.0     6.0 -10.7145  49.488    51.431           0.0
     7.0     7.0 -3.57149  49.488    59.517           0.0
     8.0     8.0  3.57149  49.488    67.589           0.0
     9.0     9.0  10.7145  49.488    75.642           0.0
    10.0    10.0  17.8574  49.488    83.587           0.0
    11.0    11.0  25.0004  49.488     91.62           0.0
    12.0    12.0  32.1434  49.488    99.669           0.0
    13.0    13.0  39.2864  49.488   107.681           0.0
    14.0    14.0  46.4293  49.488   115.804           0.0
    15.0    15.0 -50.0008  43.302   123.697           0.0
    16.0    16.0 -42.8579  43.302   131.764           0.0
    17.0    17.0 -35.7149  43.302   139.901           0.0
    18.0    18.0 -28.5719  43.302    147.94           0.0
    19.0    19.0 -21.4289  43.302   155.918           0.0
    20.0    20.0  -14.286  43.302   163.898           0.0
    21.0    21.0 -7.14298  43.302   172.084           0.0
    22.0    22.0      0.0  43.302   179.938           0.0
    23.0    23.0  7.14298  43.302   187.933           0.0
    24.0    24.0   14.286  43.302   195.999           0.0
    25.0    25.0  21.4289  43.302   203.838           0.0
    26.0    26.0  28.5719  43.302   211.824           0.0
    27.0    27.0  35.7149  43.302   219.789           0.0
    28.0    28.0  42.8579  43.302   227.781           0.0
    29.0    29.0  50.0008  43.302   235.822           0.0
    30.0    30.0 -46.4293  37.116   243.846           0.0
    31.0    31.0 -39.2864  37.116   251.816           0.0
    32.0    32.0 -32.1434  37.116   259.839           0.0
    33.0    33.0 -25.0004  37.116   267.784           0.0
    34.0    34.0 -17.8574  37.116   275.723           0.0
    35.0    35.0 -10.7145  37.116   283.731           0.0
    36.0    36.0 -3.57149  37.116   291.672           0.0
    37.0    37.0  3.57149  37.116   299.624           0.0
    38.0    38.0  10.7145  37.116   307.601           0.0
    39.0    39.0  17.8574  37.116   315.574           0.0
    40.0    40.0  25.0004  37.116   323.489           0.0
    41.0    41.0  32.1434  37.116   331.506           0.0
    42.0    42.0  39.2864  37.116   339.444           0.0
    43.0    43.0  46.4293  37.116   347.323           0.0
    44.0    44.0 -50.0008   30.93   363.259           0.0
    45.0    45.0 -42.8579   30.93   371.162           0.0
    46.0    46.0 -35.7149   30.93   379.103           0.0
    47.0    47.0 -28.5719   30.93   387.014           0.0
    48.0    48.0 -21.4289   30.93   394.995           0.0
    49.0    49.0  -14.286   30.93    402.97           0.0
    50.0    50.0 -7.14298   30.93    410.99           0.0
    51.0    51.0      0.0   30.93   418.907           0.0
    52.0    52.0  7.14298   30.93   426.883           0.0
    53.0    53.0   14.286   30.93   434.807           0.0
    54.0    54.0  21.4289   30.93   442.734           0.0
    55.0    55.0  28.5719   30.93    450.61           0.0
    56.0    56.0  35.7149   30.93   458.542           0.0
    57.0    57.0  42.8579   30.93   466.744           0.0
    58.0    58.0  50.0008   30.93   474.368           0.0
    59.0    59.0 -46.4293  24.744   482.528           0.0
    60.0    60.0 -39.2864  24.744   490.097           0.0
    61.0    61.0 -32.1434  24.744     498.2           0.0
    62.0    62.0 -25.0004  24.744   506.157           0.0
    63.0    63.0 -17.8574  24.744   514.079           0.0
    64.0    64.0 -10.7145  24.744   521.894           0.0
    65.0    65.0 -3.57149  24.744   529.699           0.0
    66.0    66.0  3.57149  24.744   537.712           0.0
    67.0    67.0  10.7145  24.744   545.584           0.0
    68.0    68.0  17.8574  24.744   553.538           0.0
    69.0    69.0  25.0004  24.744   561.474           0.0
    70.0    70.0  32.1434  24.744   569.386           0.0
    71.0    71.0  39.2864  24.744   577.392           0.0
    72.0    72.0  46.4293  24.744   585.134           0.0
    73.0    73.0 -50.0008  18.558   600.937           0.0
    74.0    74.0 -42.8579  18.558   608.849           0.0
    75.0    75.0 -35.7149  18.558   616.677           0.0
    76.0    76.0 -28.5719  18.558   624.677           0.0
    77.0    77.0 -21.4289  18.558   632.593           0.0
    78.0    78.0  -14.286  18.558   640.518           0.0
    79.0    79.0 -7.14298  18.558   648.286           0.0
    80.0    80.0      0.0  18.558   656.172           0.0
    81.0    81.0  7.14298  18.558   664.363           0.0
    82.0    82.0   14.286  18.558   671.966           0.0
    83.0    83.0  21.4289  18.558   679.977           0.0
    84.0    84.0  28.5719  18.558   687.844           0.0
    85.0    85.0  35.7149  18.558   695.636           0.0
    86.0    86.0  42.8579  18.558   703.434           0.0
    87.0    87.0  50.0008  18.558   711.474           0.0
    88.0    88.0 -46.4293  12.372   719.399           0.0
    89.0    89.0 -39.2864  12.372   727.214           0.0
    90.0    90.0 -32.1434  12.372   735.013           0.0
    91.0    91.0 -25.0004  12.372   742.974           0.0
    92.0    92.0 -17.8574  12.372   750.822           0.0
    93.0    93.0 -10.7145  12.372   758.743           0.0
    94.0    94.0 -3.57149  12.372    766.67           0.0
    95.0    95.0  3.57149  12.372   774.375           0.0
    96.0    96.0  10.7145  12.372   782.327           0.0
    97.0    97.0  17.8574  12.372   790.195           0.0
    98.0    98.0  25.0004  12.372   798.077           0.0
    99.0    99.0  32.1434  12.372   805.987           0.0
   100.0   100.0  39.2864  12.372   813.766           0.0
   101.0   101.0  46.4293  12.372   821.733           0.0
   102.0   102.0 -50.0008   6.186   837.441           0.0
   103.0   103.0 -42.8579   6.186   845.458           0.0
   104.0   104.0 -35.7149   6.186   853.251           0.0
   105.0   105.0 -28.5719   6.186   861.145           0.0
   106.0   106.0 -21.4289   6.186   868.954           0.0
   107.0   107.0  -14.286   6.186   876.878           0.0
   108.0   108.0 -7.14298   6.186   884.638           0.0
   109.0   109.0      0.0   6.186   892.503           0.0
   110.0   110.0  7.14298   6.186   900.236           0.0
   111.0   111.0   14.286   6.186   908.111           0.0
   112.0   112.0  21.4289   6.186   916.242           0.0
   113.0   113.0  28.5719   6.186   924.052           0.0
   114.0   114.0  35.7149   6.186    932.04           0.0
   115.0   115.0  42.8579   6.186   939.856           0.0
   116.0   116.0  50.0008   6.186   947.767           0.0
   117.0   117.0 -46.4293     0.0    955.77           0.0
   118.0   118.0 -39.2864     0.0   963.452           0.0
   119.0   119.0 -32.1434     0.0     971.4           0.0
   120.0   120.0 -25.0004     0.0   979.231           0.0
   121.0   121.0 -17.8574     0.0   987.157           0.0
   122.0   122.0 -10.7145     0.0   995.037           0.0
   123.0   123.0 -3.57149     0.0  1002.965           0.0
   124.0   124.0  3.57149     0.0  1018.394           0.0
   125.0   125.0  10.7145     0.0  1026.354           0.0
   126.0   126.0  17.8574     0.0  1034.048           0.0
   127.0   127.0  25.0004     0.0  1042.068           0.0
   128.0   128.0  32.1434     0.0  1049.969           0.0
   129.0   129.0  39.2864     0.0  1057.869           0.0
   130.0   130.0  46.4293     0.0  1065.495           0.0
   131.0   131.0 -50.0008  -6.186  1073.505           0.0
   132.0   132.0 -42.8579  -6.186  1081.452           0.0
   133.0   133.0 -35.7149  -6.186  1089.397           0.0
   134.0   134.0 -28.5719  -6.186  1097.192           0.0
   135.0   135.0 -21.4289  -6.186  1105.129           0.0
   136.0   136.0  -14.286  -6.186  1113.143           0.0
   137.0   137.0 -7.14298  -6.186  1120.999           0.0
   138.0   138.0      0.0  -6.186  1128.731           0.0
   139.0   139.0  7.14298  -6.186  1136.667           0.0
   140.0   140.0   14.286  -6.186  1144.366           0.0
   141.0   141.0  21.4289  -6.186  1152.274           0.0
   142.0   142.0  28.5719  -6.186  1160.196           0.0
   143.0   143.0  35.7149  -6.186  1168.201           0.0
   144.0   144.0  42.8579  -6.186  1175.895           0.0
   145.0   145.0  50.0008  -6.186  1183.775           0.0
   146.0   146.0 -46.4293 -12.372  1199.608           0.0
   147.0   147.0 -39.2864 -12.372  1207.481           0.0
   148.0   148.0 -32.1434 -12.372  1215.266           0.0
   149.0   149.0 -25.0004 -12.372  1223.274           0.0
   150.0   150.0 -17.8574 -12.372  1231.041           0.0
   151.0   151.0 -10.7145 -12.372  1238.973           0.0
   152.0   152.0 -3.57149 -12.372   1246.93           0.0
   153.0   153.0  3.57149 -12.372  1254.546           0.0
   154.0   154.0  10.7145 -12.372  1262.481           0.0
   155.0   155.0  17.8574 -12.372  1270.577           0.0
   156.0   156.0  25.0004 -12.372  1278.329           0.0
   157.0   157.0  32.1434 -12.372  1286.151           0.0
   158.0   158.0  39.2864 -12.372  1294.056           0.0
   159.0   159.0  46.4293 -12.372  1301.841           0.0
   160.0   160.0 -50.0008 -18.558  1309.877           0.0
   161.0   161.0 -42.8579 -18.558  1317.744           0.0
   162.0   162.0 -35.7149 -18.558  1325.676           0.0
   163.0   163.0 -28.5719 -18.558  1333.499           0.0
   164.0   164.0 -21.4289 -18.558  1341.343           0.0
   165.0   165.0  -14.286 -18.558  1349.237           0.0
   166.0   166.0 -7.14298 -18.558  1356.944           0.0
   167.0   167.0      0.0 -18.558  1365.046           0.0
   168.0   168.0  7.14298 -18.558  1373.018           0.0
   169.0   169.0   14.286 -18.558  1380.765           0.0
   170.0   170.0  21.4289 -18.558  1388.707           0.0
   171.0   171.0  28.5719 -18.558  1396.689           0.0
   172.0   172.0  35.7149 -18.558  1404.622           0.0
   173.0   173.0  42.8579 -18.558  1412.497           0.0
   174.0   174.0  50.0008 -18.558  1420.309           0.0
   175.0   175.0 -46.4293 -24.744  1436.053           0.0
   176.0   176.0 -39.2864 -24.744   1443.95           0.0
   177.0   177.0 -32.1434 -24.744  1451.866           0.0
   178.0   178.0 -25.0004 -24.744  1459.963           0.0
   179.0   179.0 -17.8574 -24.744  1467.771           0.0
   180.0   180.0 -10.7145 -24.744  1475.689           0.0
   181.0   181.0 -3.57149 -24.744  1483.629           0.0
   182.0   182.0  3.57149 -24.744  1491.587           0.0
   183.0   183.0  10.7145 -24.744  1499.503           0.0
   184.0   184.0  17.8574 -24.744  1507.331           0.0
   185.0   185.0  25.0004 -24.744  1515.196           0.0
   186.0   186.0  32.1434 -24.744  1522.958           0.0
   187.0   187.0  39.2864 -24.744  1530.926           0.0
   188.0   188.0  46.4293 -24.744  1538.578           0.0
   189.0   189.0 -50.0008  -30.93  1546.792           0.0
   190.0   190.0 -42.8579  -30.93  1554.497           0.0
   191.0   191.0 -35.7149  -30.93  1562.761           0.0
   192.0   192.0 -28.5719  -30.93  1570.639           0.0
   193.0   193.0 -21.4289  -30.93  1578.505           0.0
   194.0   194.0  -14.286  -30.93  1586.392           0.0
   195.0   195.0 -7.14298  -30.93  1594.392           0.0
   196.0   196.0      0.0  -30.93   1602.28           0.0
   197.0   197.0  7.14298  -30.93  1610.283           0.0
   198.0   198.0   14.286  -30.93  1618.248           0.0
   199.0   199.0  21.4289  -30.93  1626.228           0.0
   200.0   200.0  28.5719  -30.93  1634.132           0.0
   201.0   201.0  35.7149  -30.93  1641.957           0.0
   202.0   202.0  42.8579  -30.93   1650.11           0.0
   203.0   203.0  50.0008  -30.93  1657.936           0.0
   204.0   204.0 -46.4293 -37.116  1673.911           0.0
   205.0   205.0 -39.2864 -37.116  1681.834           0.0
   206.0   206.0 -32.1434 -37.116  1689.695           0.0
   207.0   207.0 -25.0004 -37.116  1697.698           0.0
   208.0   208.0 -17.8574 -37.116  1705.666           0.0
   209.0   209.0 -10.7145 -37.116  1713.548           0.0
   210.0   210.0 -3.57149 -37.116  1721.527           0.0
   211.0   211.0  3.57149 -37.116  1729.589           0.0
   212.0   212.0  10.7145 -37.116  1737.421           0.0
   213.0   213.0  17.8574 -37.116  1745.418           0.0
   214.0   214.0  25.0004 -37.116  1753.318           0.0
   215.0   215.0  32.1434 -37.116  1761.394           0.0
   216.0   216.0  39.2864 -37.116  1769.347           0.0
   217.0   217.0  46.4293 -37.116  1777.249           0.0
   218.0   218.0 -50.0008 -43.302  1785.431           0.0
   219.0   219.0 -42.8579 -43.302  1793.294           0.0
   220.0   220.0 -35.7149 -43.302  1801.208           0.0
   221.0   221.0 -28.5719 -43.302  1809.321           0.0
   222.0   222.0 -21.4289 -43.302  1817.197           0.0
   223.0   223.0  -14.286 -43.302  1825.196           0.0
   224.0   224.0 -7.14298 -43.302  1833.042           0.0
   225.0   225.0      0.0 -43.302  1841.113           0.0
   226.0   226.0  7.14298 -43.302  1848.932           0.0
   227.0   227.0   14.286 -43.302  1857.297           0.0
   228.0   228.0  21.4289 -43.302  1865.238           0.0
   229.0   229.0  28.5719 -43.302  1873.163           0.0
   230.0   230.0  35.7149 -43.302  1881.275           0.0
   231.0   231.0  42.8579 -43.302  1889.276           0.0
   232.0   232.0  50.0008 -43.302  1897.239           0.0
   233.0   233.0 -46.4293 -49.488  1905.295           0.0
   234.0   234.0 -39.2864 -49.488  1913.294           0.0
   235.0   235.0 -32.1434 -49.488  1921.263           0.0
   236.0   236.0 -25.0004 -49.488  1929.395           0.0
   237.0   237.0 -17.8574 -49.488  1937.344           0.0
   238.0   238.0 -10.7145 -49.488  1945.452           0.0
   239.0   239.0 -3.57149 -49.488  1953.517           0.0
   240.0   240.0  3.57149 -49.488   1961.52           0.0
   241.0   241.0  10.7145 -49.488  1969.546           0.0
   242.0   242.0  17.8574 -49.488  1977.525           0.0
   243.0   243.0  25.0004 -49.488  1985.699           0.0
   244.0   244.0  32.1434 -49.488  1993.721           0.0
   245.0   245.0  39.2864 -49.488  2001.759           0.0
   246.0   246.0  46.4293 -49.488  2009.736           0.0
